5805
1698
6991
4698
4783
5614
5644
6872
6700
3321
7099
5921
3948
3731
5806
5613
5942
3804
6116
3728
6686
5575
6780
4356
3275
6196
5839
1321
4355
1703
6651
3341
6318
5748
3902
5896
4858
1305
4633
5120
5572
6758
6113
4746
2854
4666
1616
6986
6458
4712
6933
4411
7193
6189
4601
7142
6339
4002
6140
5113
4873
1381
4644
6711
4045
7067
1532
4824
3848
4804
5492
1405
4718
6353
3269
5928
4648
6597
7163
5077
3425
4498
6980
4503
5597
4632
6756
5488
3692
3963
7117
2848
3730
3916
4400
4814
1473
3319
3343
5259
4282
3759
4664
4707
5627
1635
4476
7091
4835
4763
4665
1361
4563
6623
4926
6078
3923
3717
6833
3348
4912
5535
5033
6219
5636
1556
6222
5602
3949
1425
3975
6288
6607
7152
1583
6403
4437
1307
1594
5708
1504
6598
5987
6257
3918
2834
4751
1541
3719
5516
6481
6014
4604
6724
5727
3707
1609
3783
5719
6200
1289
3767
5694
4688
1530
4693
2836
1807
3342
3850
5600
6354
2864
4537
5028
7052
6910
4577
7255
5050
1634
1851
4593
1370
5456
4533
4721
6800
1527
5860
6966
5245
1546
3688
3307
3920
6647
7181
4488
6760
6836
5773
5054
3235
4689
6727
4511
1511
5094
4012
4786
6295
3393
7225
5407
1351
3729
7120
4667
6600
5622
4135
5476
5056
5115
4650
5072
6970
4727
5571
4585
6305
1648
5740
5683
6301
5123
2851
6209
