6099
1611
3809
6526
5390
6140
1564
6598
3009
4404
2838
1831
1992
1373
5617
1326
4767
7193
5917
1540
2218
4916
2030
7088
3779
5073
2249
3228
6568
6804
5003
5349
2686
2749
5492
6133
6622
6854
2057
4159
4195
3307
3219
4864
5938
4058
1496
2569
5372
5799
1868
5213
5718
7144
2557
3898
4788
4196
2740
4783
3044
3482
2007
5046
3498
6960
3036
3003
1712
7231
4285
2732
7254
3096
7067
3045
5591
1449
1463
7043
3916
4679
4532
4550
5792
5447
5613
3214
4011
6011
3030
3799
4978
1754
1530
6780
5683
5072
2659
4615
1903
3946
2182
7252
4138
2437
2941
5310
1851
3103
6994
6579
3893
4028
6532
1536
6559
5723
6529
3510
2204
2879
4120
1576
7130
7011
5124
6908
4852
3193
4645
5607
1777
5198
2187
4526
1632
4953
3927
1834
7159
5889
3747
3975
5096
3723
6262
2662
7185
4958
1512
4488
2579
6492
6842
6393
4853
4710
2962
5284
6475
6095
1534
1529
6471
3281
1570
4148
3876
6724
3729
3352
6980
3669
5049
5948
5736
3007
5749
5333
5024
5859
4865
6874
4341
4183
5313
5820
6534
6912
4723
6887
2733
5727
3660
1335
1543
3268
6200
5475
6893
2344
3788
7149
5291
1583
7118
7002
5706
1770
4436
1940
5842
2244
4326
1931
4139
2541
3333
5578
5455
2309
4902
4322
5344
3132
3802
5089
3805
3998
4349
3221
6602
3184
6705
6010
2106
5624
4968
3386
4033
5116
5095
1493
6966
7071
3570
4111
2717
3302
3885
5738
4752
5836
6311
6453
5290
7110
5953
6575
3168
2096
4188
3491
5265
5686
4475
5930
2190
4897
5732
1873
3347
6298
1796
6112
6256
2886
3854
3891
1639
6826
5330
4899
1758
6727
6644
4146
1905
2351
5521
7233
6114
6537
5885
3850
6113
5527
3919
3699
2899
5320
6301
4179
5549
1832
3522
3191
6251
6021
2354
6464
5779
1380
5487
5064
6535
2853
5254
3962
3249
5708
3211
3559
4180
4375
7189
6468
2157
6806
4005
6820
4223
4454
3116
2907
3425
2183
4637
3531
6553
5142
5797
3767
5273
1565
5894
7098
7015
7080
3740
4846
3855
6709
4799
2069
1321
2866
2549
1857
6281
1608
4959
2208
3688
2912
1294
2199
6305
5662
4103
3442
6297
7138
2674
6036
4816
1925
3169
2835
3935
4510
5685
3730
2075
1436
1692
2586
4743
2830
1499
4744
1791
3933
2834
5782
2378
4158
6729
2881
4071
7021
4489
3681
5405
4050
6254
6357
5512
2398
4204
3048
4129
2422
1503
3617
2708
1544
3275
1429
4565
6991
4861
5050
6688
3360
2233
2165
2550
6196
3541
6023
7117
1577
2469
6261
4066
4805
4092
1752
3657
2037
5818
3461
5674
1542
1688
2275
5342
4677
1961
3373
4090
5810
3262
4664
5535
5630
1359
5083
2665
7188
5113
7038
4936
1829
2088
3947
6378
6650
6497
1827
3134
6214
5256
5566
7181
3765
7223
6956
6707
5059
1686
2511
7153
4533
5968
3035
2448
5873
5022
5610
5618
6069
6401
1882
1684
6064
3138
6841
4881
7053
3067
1696
2474
6961
4734
4010
6752
3873
2848
4870
7152
3918
4732
6241
3597
5069
6116
1778
5026
5627
6661
3953
5647
3208
5030
5479
5054
4013
4255
7052
3661
3905
5852
1934
2085
4034
4368
4043
1663
5672
2332
4402
3167
2783
5211
4334
5123
5001
4476
6712
2730
5981
6701
3961
1693
3204
3161
6481
3997
4823
5644
6438
2636
1872
2791
2381
5648
6250
2631
6871
1537
6746
6792
3038
4646
1657
6916
6342
7160
7089
1923
1993
2486
4965
2040
2971
1656
6431
6751
5597
6065
1272
5338
1443
5987
3111
2949
6927
6372
5944
7036
3756
6851
6253
6220
7184
1315
2609
1723
5476
6561
2291
4867
6623
5629
5831
2173
5910
6394
3575
6624
3369
6003
1375
5279
1902
5435
7247
6063
1514
2796
5218
7225
2632
6449
6336
