6219
7181
3729
7119
7137
6966
4824
4729
4712
4533
4646
5702
6475
6256
5597
6116
3225
3873
6110
1546
3360
1381
6098
1575
5600
7219
7147
5942
5123
7193
5611
5925
1397
5706
3342
5330
2879
6836
6318
6595
4432
3272
6842
4666
4090
6156
6196
6113
5598
6628
1334
5025
5788
4804
1670
5617
6933
3343
4783
3783
4689
5521
4698
6587
5712
4690
5718
2886
5050
3235
4691
4672
4597
1851
6288
1307
6920
7117
3688
4664
4488
6354
7120
7067
6642
4675
6297
3766
6158
6202
3975
1634
4537
4786
5107
4750
3994
4052
3275
4681
3319
5806
5827
6958
4125
7225
6607
3288
6622
5701
5686
3320
3321
5116
5684
6597
6303
5572
6295
6299
4344
