2673
4967
3233
6501
4345
3228
6509
5699
4310
5293
6989
2131
5838
1433
32
2283
3147
4719
5195
4472
5187
6921
6421
4608
3623
3920
3651
6189
2365
4944
647
5905
1677
560
701
5110
3327
5436
4686
5369
4296
4528
4221
2139
4541
5752
6298
3609
5299
2049
2362
1106
879
729
5881
2913
5638
5275
1445
5526
5039
3788
800
2710
280
3498
7102
2942
6599
3437
6512
6207
1896
6330
5155
5702
4960
4890
2382
6437
3937
1377
6401
6046
5259
4106
3341
6073
99
2372
6386
4028
966
1901
4219
3960
1213
1713
6695
2563
5235
2690
6417
3216
4518
5465
1375
2918
7010
1246
3318
7134
4527
3411
1241
1416
6750
3142
3629
4227
6579
5617
3694
1696
6881
5457
3468
1846
1518
5478
4537
5632
6716
128
421
1671
3292
5978
6646
3632
2309
6075
2162
4489
3983
810
5075
7218
5000
5100
6571
5933
5037
2241
2050
121
1525
3027
4316
580
2713
3452
6542
6206
822
4317
6682
3273
5420
6210
3336
2892
1083
6880
1062
3686
4239
6788
4170
4840
3294
4003
2955
5533
2993
186
5581
5550
5615
4751
1165
7114
5383
6467
6446
5950
6601
6202
5476
6815
4638
4556
2636
5996
3289
7110
448
4693
7178
4914
6626
4224
694
3160
7107
3792
4482
1926
6515
3608
2842
1150
6135
5745
5540
4926
3959
4633
519
1105
2260
4060
4314
3760
335
1930
987
6735
2736
5694
6828
5207
5827
4146
6968
4754
3969
7174
6299
3858
5387
3242
3518
1003
5029
2396
6263
2805
2724
7082
1470
1871
1550
10
4783
1759
4176
1891
6070
2755
4370
5448
4971
5657
3211
3103
5042
3362
4278
5034
5416
6588
2902
1692
5473
1968
6460
6017
2084
4014
6320
2474
3146
419
6821
4983
286
4256
1939
6061
5840
6343
628
2321
5966
1936
5455
4921
3791
4016
2184
2337
2096
4114
4058
5686
6674
5813
6403
1698
1843
2331
7038
6705
684
1358
5097
2895
3812
642
4592
2728
5486
753
4588
6141
4942
4231
7117
5667
5994
4781
6173
4271
4733
5858
4703
1157
6624
444
2149
3940
3374
5932
4306
5036
5556
6951
1179
5785
424
4377
1586
4918
5877
4238
4136
2312
4753
6254
829
2753
6453
4665
746
5440
5761
645
1814
1414
5595
1915
5739
5385
4352
6662
2045
4782
6963
3659
4669
4229
2646
5192
5544
2113
6267
3981
882
5634
6475
3485
4445
7130
3358
1495
3005
6687
5260
5913
1293
778
1984
2761
1582
658
7096
3923
1715
6355
4242
6816
6879
1819
4391
2187
6519
6111
5797
2548
3187
1423
2886
5033
4454
6294
3006
6886
6528
2589
6683
2111
3572
3346
1743
6844
894
1035
2986
5379
5663
3232
1322
527
6964
1490
938
3949
5706
5560
3865
3324
2269
3109
7169
1501
6822
2130
126
6447
