3923
3938
3993
542
5463
3188
6731
2066
1392
1851
5439
1972
1931
6950
4253
4161
5407
572
6122
285
3220
5214
383
2013
397
4487
4954
5646
4677
7177
4514
2719
247
2243
7222
3215
5351
2604
3874
5134
1507
7076
1080
632
5428
1113
251
4377
1999
6749
6791
2607
6358
970
4018
2794
2041
1575
1963
6428
5891
4852
6773
214
5358
6496
6984
1593
6516
2802
2061
2527
6654
506
6537
4557
5968
5090
6041
4601
1755
1230
1449
6354
4313
6212
1206
4592
4226
6332
3274
267
6821
7231
6081
792
1838
1899
3198
2394
2257
4053
5074
4710
5228
7229
6033
3872
4726
3824
1466
3496
5455
2444
2053
1394
7124
4062
5978
3133
6291
5836
4970
5274
3402
3252
3773
5906
1147
6734
5179
974
3243
2558
1822
1099
6604
6479
1918
1574
117
4819
222
306
5860
1187
4702
6735
1155
5757
768
1927
1688
7142
959
6199
208
3617
6109
1579
5854
680
3175
3911
1825
5977
1591
3612
5165
1541
846
4801
1554
5161
1904
2988
4065
4274
6084
1035
6393
656
409
6454
3979
6512
4869
6886
3382
2869
6538
4665
1076
344
2085
3753
5776
1848
6412
2871
6383
5328
5396
832
6104
1580
586
5259
1920
4776
718
6079
3449
5159
1492
4706
6801
3798
3458
5459
1577
3457
4437
3213
3181
1857
2720
2923
886
6803
3467
4278
327
6817
6253
3474
2067
5037
4791
2898
6315
2906
169
6602
1073
2446
188
7146
4673
3935
6002
2261
7047
3552
3388
2063
694
6184
4262
3279
1630
1958
4493
2425
2326
7235
6303
3713
2136
3788
5123
2097
2020
2803
5961
6692
4353
956
3337
1716
6318
3196
3558
4158
6374
5511
6103
1815
5065
2590
1950
432
6898
4019
6708
5063
1991
2339
5427
1134
4401
2964
2028
5702
5876
3901
2840
62
3607
6121
3601
4266
6702
6762
4905
160
6885
4219
5248
1612
239
6728
5995
4860
2015
3509
5624
3370
1499
2045
4824
3308
6737
1015
1527
5344
6710
4298
6150
2648
4854
7097
5088
760
551
4376
6828
5336
4050
6941
3427
5720
1982
7182
3486
554
3706
330
4003
1623
5997
1853
3590
6252
2948
3152
1277
1178
4881
3567
2687
5884
3409
5637
6603
7249
5740
4720
1451
560
6636
1635
6505
2822
1957
524
5974
6718
1518
2118
243
7110
5205
3691
368
735
3503
4222
4137
4302
5795
2520
131
66
2843
1900
6297
2976
318
2925
6520
6025
6522
2955
6449
525
6680
1316
6336
4130
6422
1801
2247
4741
4194
413
2104
5130
5072
2241
2625
3325
4579
242
400
4768
3140
2016
5684
5656
5682
614
2655
4407
5782
3189
3903
2764
3886
1934
154
5604
7083
3785
3002
2485
6118
6216
4335
6345
1673
3460
1404
609
2196
4613
2652
436
4788
5070
21
385
2039
3943
3667
1386
4832
3330
5364
3751
3415
5726
6938
5781
4667
4140
1706
2721
1869
6933
5775
4896
2751
5500
2288
1614
3395
98
3444
2338
652
5718
6429
1912
4501
5127
2818
3236
5515
6050
919
3247
4889
2810
55
5194
6982
7042
3807
5837
2550
4042
4997
5267
3862
583
912
526
5848
3634
3583
4820
4496
5707
931
3965
2095
4325
6569
983
1565
3608
5109
164
6906
