6642
4804
5684
3719
4799
6958
6289
6628
3729
6288
7225
6113
3688
6475
1851
4691
6458
5123
5116
7181
5025
4729
1381
4537
3342
4090
3326
5259
3343
5107
2886
3223
1546
3873
1334
6295
6319
5572
6305
5706
5109
4052
6577
3319
3321
1307
6842
7147
6098
4786
3288
3359
7193
4432
7259
5806
5827
5006
6836
1698
5614
6622
6297
1397
7219
4664
6303
5597
6116
6780
4672
4646
2879
4689
6630
1361
6181
6256
4533
3994
6597
4824
5686
4690
6078
4675
5788
1670
1795
4566
4712
7137
3235
1575
5598
5776
5925
5521
6354
4783
6318
3307
6158
5600
3360
5942
6200
1634
7067
6621
6966
5050
6620
3225
1524
3320
5701
6156
5712
6920
5535
