2884
3944
6717
6542
3661
1740
3729
5106
3777
4788
6601
4712
1335
2855
6201
1824
1838
7212
4926
3313
6908
6966
1361
4814
4411
5721
4746
7156
7121
3307
6297
3902
1841
6296
1291
6623
3321
6766
1545
7108
5878
6800
3728
1733
4720
6397
5693
5456
5032
5113
4717
5572
4533
5746
5686
5188
2281
4595
5196
3846
4718
1631
5614
1349
1542
2846
3975
1532
2575
3598
5987
6554
4841
2165
5766
3669
6780
1485
5888
5571
1905
3688
6916
6105
5719
1566
1321
4488
4384
5544
2834
1703
3310
6016
4783
6339
6009
3272
1674
5968
6460
3288
6958
1405
6563
6688
2865
1474
5636
3731
3393
1425
6408
1289
6140
6597
4523
6318
5647
4476
5056
7118
6249
4664
5598
3730
5788
5072
7260
3741
1511
4090
4177
6708
3852
4632
5917
4103
4115
1307
1583
5567
1594
1452
1577
4570
5333
7225
3348
4642
3848
5488
5115
6804
1537
3836
6305
5806
1618
7120
2874
4633
4076
6647
5124
4707
5896
6862
7149
2851
6458
6541
6078
4785
3692
5623
6090
5925
6288
6833
3948
6950
5728
7255
4667
1851
5109
6289
4400
3343
6841
1363
4604
6526
1678
5173
4802
6760
1283
6661
5123
6041
7261
3319
5054
5093
1381
1282
3103
4006
1529
4835
7193
5809
5600
7138
5074
4399
5810
4767
2836
5818
5330
6612
1397
1556
5942
5025
3853
6476
4037
4180
5654
3425
7236
7147
1338
5107
5643
5617
5026
6298
6871
6343
5089
4135
7249
5921
3987
5748
5562
5006
6202
1565
2877
6920
3332
1592
5232
6820
4188
3994
3342
4431
7067
1298
6619
7199
5417
3417
6317
5050
3855
4092
5560
1351
6842
7219
5775
3783
6257
4190
5865
1632
5847
5597
4824
3916
4552
5683
3191
5103
4043
3937
5776
5768
6991
4002
5694
3221
3847
4537
4503
2786
