5821
6261
4500
5575
5492
1282
1749
7236
3707
5896
4493
1730
6476
5196
4908
4785
5028
5033
6297
1505
6105
5006
3779
4437
2755
5987
6288
7108
5054
3837
7193
4533
5788
1854
1346
6352
2862
5776
5708
5651
5630
3855
3404
6341
3253
1445
3268
7137
7163
1578
5049
3934
4657
6964
6829
5113
4718
6325
4411
5313
5773
2497
6182
6300
6458
2373
1838
5532
1594
2475
6298
2500
4763
2854
3613
5694
4455
6554
3421
6351
1656
3836
5726
4647
5610
6903
2533
7080
5707
7249
6350
3536
5721
4760
7091
2387
5917
4989
3858
6449
6336
5123
5644
3888
3848
4916
1647
3660
3598
5647
3669
1349
3986
3887
5880
6253
3299
6975
5074
3703
3994
1678
3168
5319
5512
1283
5636
4185
4055
1425
1419
6920
5022
2890
5026
1483
1632
3425
1470
2203
5030
1577
6156
3916
5743
7120
3730
5520
6339
7156
4397
6678
4043
2881
5276
2844
5810
5092
5521
4965
2851
5768
5417
1546
7087
4387
5878
4414
5716
3313
5654
3637
6958
2032
5232
5613
6526
5527
3944
6568
5930
6820
2648
3275
1545
7118
2934
3292
3223
6438
2281
3184
1556
4092
2522
6833
5813
1435
3007
3778
6408
3342
5055
6442
4664
4190
4993
6130
1542
5775
4488
4426
1992
3321
6090
5572
3310
6202
6708
4945
2539
3272
3729
6511
6041
3809
2141
1298
3941
6140
5940
2165
4552
6126
2786
1648
5686
3617
6769
3103
3995
1405
5516
5928
4595
4632
4619
6016
5495
6561
4027
1851
3307
2448
5108
4791
5891
4746
1529
4667
6804
6760
1566
7065
4787
5817
5425
1307
4045
5571
1485
7004
1544
2631
7261
5401
2913
5954
3731
4503
4755
3417
3937
4123
6978
5447
6301
1575
4653
3082
7225
6916
5050
3975
4454
2853
5072
2344
4601
2731
5818
5548
1830
1767
4642
6842
4002
6080
6257
6792
5535
6401
3349
2686
5731
6064
2104
4570
6249
4892
5300
3410
5259
4341
5557
5015
5353
5807
6789
1683
4011
6601
2960
4066
4604
6009
1444
4363
6563
4712
5040
3734
4835
6598
7052
5124
4302
2486
1844
4543
6780
4032
3211
1841
3688
3717
1922
5748
2111
7154
2264
3288
6210
3727
2658
7149
3774
5820
6727
6354
3818
4090
2496
4103
1583
6067
4529
4783
6328
1905
5103
4767
2698
7185
6684
1335
6181
5058
1361
1925
6751
7219
5333
3853
1589
5689
1915
3738
5542
5107
3938
3859
5742
3091
4188
1397
7260
2836
5560
6908
4788
7093
1289
1291
6872
6966
5106
7067
6289
1530
3873
7005
5893
7191
