1872
6287
1775
3669
6372
6261
5598
2088
3033
1294
2702
4672
3740
7145
3996
4786
3111
1832
2919
5820
3657
5831
7186
4349
5749
5859
3211
7193
6895
2447
5617
3747
5527
5629
1529
5074
4138
1756
7227
4348
1686
5746
2674
6304
1992
1731
7195
7119
5059
5167
6355
6842
5942
1787
6021
1925
6729
1754
2550
1570
5072
1778
3035
5741
4022
3520
5116
7231
2417
2912
6003
3036
3193
4134
2855
5405
1903
6155
2851
6342
3699
3597
1882
6253
2791
6305
3281
4432
4533
3855
1831
3369
6088
4824
4229
6532
3254
5124
7068
6751
6264
5627
1851
2448
6301
3918
6438
4867
2143
4600
7257
6311
5751
5492
5046
1632
1761
5930
2344
6874
6056
2732
4968
5316
3184
6500
4285
5265
5694
3191
2264
3030
1713
3809
7181
2165
2557
5597
7251
4744
2462
4734
5968
6498
2014
5338
7053
5873
7189
3214
6471
3262
3756
1577
4417
6123
1809
5113
4005
5435
5791
1791
6400
6995
6780
3258
3988
3946
2538
4699
2157
5050
6214
2978
6966
3898
3320
1796
5512
3007
6162
6262
1868
5674
1770
2354
5869
1491
5054
2535
2366
7118
4433
6607
6904
3096
6644
2949
3916
6200
2618
6535
4861
5889
6588
2730
5775
5026
2515
4332
5810
7002
5333
5396
6568
5618
6802
4100
6688
3225
3593
1742
7249
3342
3873
7110
2870
3661
5419
2291
2474
3994
5776
5779
5504
2042
1443
4646
7021
4449
2662
4050
4661
5190
5259
5069
7237
4823
2469
4170
6018
2907
2971
2204
6942
1326
6956
3799
6961
6908
6049
7138
1946
3927
7247
5768
4090
5917
2740
6971
5763
1542
5536
3204
1321
2609
4788
4666
4071
3307
2037
2733
7080
7027
4418
6598
6980
6968
6188
4959
2183
5487
5123
6856
5910
6529
4143
2007
5954
7233
5648
1449
1530
4095
4034
3552
5198
6965
7052
2632
6078
2802
4783
3360
6841
3905
6851
3103
5024
6112
7192
5981
4613
1493
7254
3510
3688
3741
4678
2825
6069
2708
5782
2218
6916
6099
6256
4028
2199
6559
2437
3221
3347
3991
6725
7089
4010
2579
2541
3779
4431
4629
6426
5120
4204
1829
4120
4196
5310
6994
1419
3003
4477
6958
6167
1592
6133
5572
5095
4153
3352
4669
2075
6887
3802
1696
6650
5766
2887
2381
1857
4515
1534
1895
3219
1940
6927
3933
6036
4092
4754
7225
4341
5732
2173
6506
4275
6007
6661
1795
2187
2543
5349
7184
6282
5279
5944
2966
7147
3393
3009
2901
5948
7137
2835
3798
1380
3850
2853
3534
3975
6998
3998
7156
7122
6297
6046
7219
4180
2863
4644
5022
2873
4532
4068
5030
5647
5865
1684
7185
3404
6672
2881
2636
4111
5703
3891
5256
1679
2930
1499
3609
5211
3778
5491
3134
5058
3730
3138
5390
6820
1544
3854
2169
5644
7120
4041
5416
1961
6854
2899
1710
6879
6334
3729
1772
7188
5996
3645
2549
6611
5649
3805
5645
7191
4139
7152
2164
1693
7038
7067
