3369
1576
5618
2182
7186
6872
5124
5881
5985
2934
6200
6751
6282
3159
2085
1979
5762
3636
5766
6505
4693
4253
2383
2037
3036
2115
1575
2632
2437
4526
3319
2463
5958
4704
2381
4909
4619
6116
1684
3236
5732
2838
5050
2541
3800
5123
4532
6065
4845
1730
6336
4159
5776
4728
7254
6424
1831
5682
5684
4538
5279
2858
6278
6535
5132
4644
3597
5030
7258
4846
4630
5265
4022
1710
6161
5320
3920
4754
6261
6342
3093
3131
3997
7256
4968
5627
6237
7011
3907
1474
5342
1872
5782
7019
1620
5799
1679
6611
4864
5460
1418
6588
1851
3275
3262
5600
3461
5674
4734
7092
3480
5689
7080
5820
5333
2354
5555
5672
4050
6793
1778
1857
3184
4823
6365
5218
5831
3585
3167
4689
5054
6839
3858
6851
7118
5572
5450
1503
6944
1775
1375
2090
6729
6850
1326
4041
1512
3927
3268
3195
6400
1961
7047
3225
3411
5968
1592
7257
3510
2645
3975
3962
3855
7071
2496
2469
6994
6475
7055
5910
6241
6842
6297
7145
2912
2040
2881
6088
2730
1480
3473
4936
6806
6790
3752
3193
4916
3779
6833
5872
1478
6824
2703
2218
6961
1985
4747
5116
3138
2662
6928
3146
6917
2401
6500
6995
6069
1507
4011
1726
3067
6133
2217
2042
6572
1529
3229
6791
1654
6234
2075
6916
1901
4762
6624
3440
2164
4890
3048
6338
6924
1594
5270
4332
1796
5059
3204
2849
1717
2088
5198
4285
1940
3281
4204
5026
3617
1770
1564
2091
3320
5025
4023
2978
4183
6214
2618
2307
3669
6966
4685
7091
7237
3733
6099
3257
1915
2636
5211
6488
5476
5758
3307
5415
5944
6253
6736
3044
5904
6126
6438
5921
4339
2233
2535
3935
2298
6506
1982
2106
1868
7053
6426
2732
6049
3837
5729
6722
4148
3663
1767
2708
4343
5151
4626
6965
1405
3996
2157
6354
6800
5220
5072
4070
3918
7002
1330
4783
1545
3559
3134
1791
4514
1527
3096
5490
1327
5791
5512
2448
7233
2674
2077
1292
3482
3210
1988
3933
3007
5644
1577
7249
5859
3757
4744
4034
5366
6303
3342
6449
2830
7247
4488
3661
5917
5190
4275
7036
4989
3384
6450
1491
2291
4954
5783
5560
2462
5629
3292
1903
4645
2007
5793
5435
1452
5147
1350
2173
6909
5694
4615
7142
6908
6727
2165
4111
6918
4597
5613
2919
2312
6453
6559
4176
4412
7189
5987
5718
7188
7203
3998
5058
4032
1632
6362
3009
5659
5419
2486
2705
5113
1883
6606
2949
6378
4092
1693
6956
3211
3809
4349
1992
6460
5348
3970
5749
4094
2886
3609
5492
2283
1335
6007
6514
1294
6856
3258
6021
4669
3729
5873
2851
3003
4515
2344
6281
1283
1882
6998
5372
1463
6742
6587
6209
4401
3191
5954
7088
1678
1282
6616
4397
7138
7052
4953
2783
1499
5401
1496
3897
6802
6114
2686
6185
4600
2609
6401
2796
2143
2579
4861
3612
7192
4196
2474
3994
6819
5259
5953
5741
4629
6009
1829
5049
4380
6688
5891
3916
2873
6854
7067
3386
3955
1656
6372
4010
7221
5115
6010
6140
6529
5083
6825
5064
3850
2733
2971
1873
5521
7144
1544
5970
6610
5466
5338
6257
5966
4417
3530
5597
7137
5487
7038
6299
4095
7231
5894
5403
1611
5930
5645
2907
3132
4646
4973
5610
1696
4479
2657
2825
6617
2543
1520
3552
4799
2199
3660
4797
6568
3747
2096
6580
2899
5662
6526
6705
3180
4158
4750
3825
6661
2378
4702
3531
5254
6361
6874
6305
1380
6011
7157
4524
3730
6003
3613
2659
3425
7110
3802
1758
5118
7251
6301
3799
5232
2806
1838
6532
3828
1923
3408
2550
3045
1905
6792
1772
6595
4223
3587
4028
7030
6958
5446
6264
5390
6339
4959
6063
5908
5527
4090
1449
3938
1832
3522
5810
3947
6591
2264
3688
1537
6820
7181
3645
1925
2438
2275
4348
5948
5818
5495
1699
4489
3740
5647
5322
6931
5073
2887
5024
3018
5614
