1698
3660
3975
758
4705
4809
5965
6379
6705
5802
6891
6373
4719
19
4827
3443
3467
1721
5992
1391
3295
4059
7171
1174
5855
5220
6648
2149
7220
1081
6623
2809
3425
1464
4465
4713
4549
1195
338
1825
3818
6875
5467
3298
2846
3319
3769
2624
5028
1987
5603
2222
7054
5108
3035
5664
4372
2449
994
2790
4624
4345
5885
6236
4666
2058
4192
934
656
4948
6229
4979
5599
353
6672
2439
5751
2557
4798
7216
3252
2157
5001
6318
1279
4468
718
5578
2604
6561
5896
4824
5859
7233
6102
3233
3206
1947
3453
618
102
3770
6523
7163
404
5179
3481
491
245
1113
4019
6066
5203
1690
6421
6658
833
3102
6467
3671
126
5625
7250
2393
6723
2436
4807
1489
5935
2932
4032
7256
3786
2059
3169
3209
3581
5383
1878
6703
6369
4431
6431
1984
1761
5788
3874
6474
309
1704
5131
471
4728
4638
2249
2937
3888
293
48
2867
4038
7204
607
2210
1630
1468
3524
2448
2000
265
2541
4251
1974
6805
2072
2003
6941
5291
1075
135
6545
1424
3998
5612
3222
6274
3369
5910
2104
5604
3397
2623
4778
4796
4205
4535
2323
2450
6840
6468
214
2419
2945
6998
2252
335
5757
7001
7145
7180
7166
1969
69
5210
233
4383
5929
4088
1208
6174
5242
5803
4786
1823
4924
3694
6049
3079
6277
6765
5421
5951
3207
4180
6809
5433
6620
2585
264
3670
2955
3025
2833
3595
1769
4236
2800
6783
6407
2098
6841
641
6481
3557
1293
5552
6816
5719
4806
2857
3861
1884
2798
369
227
1819
7022
4187
6918
2630
4160
4542
188
2680
1509
3733
2261
1223
4071
2090
2309
3866
6735
4068
4227
2066
6791
2225
3744
1752
6603
3122
6546
709
755
3006
6187
3245
4174
1481
6766
1808
2747
277
3938
2518
3482
1311
3456
1186
4045
1645
6424
5542
5963
1895
5166
1437
4843
4840
497
3652
3402
4510
5791
1373
1862
1060
4143
1614
503
1924
5703
5159
6007
5157
4650
6123
5653
1031
5627
187
5672
702
6768
6836
4055
3042
1989
2422
5679
5484
4942
5500
1994
3099
3483
6878
1853
3087
2276
3962
1968
5236
4600
643
3133
639
3701
6759
5425
6729
5309
6031
90
3856
5363
769
5074
6860
6887
662
5850
5696
539
4166
5598
1343
5350
83
4639
4364
4141
108
1582
4249
1005
3797
6055
4139
2251
7153
6873
2237
5092
4930
3032
4566
5785
6853
4247
1440
5676
342
5085
841
1755
7084
6708
3408
6016
3732
2640
609
1503
6211
3191
2291
4989
2320
4984
4048
1697
6470
5584
177
6304
7199
1892
4265
1091
711
4949
4574
3413
6008
6337
4054
7258
2970
1685
2016
2697
6279
6771
1915
5195
6694
7179
2401
1932
158
6646
5449
2606
4264
4774
738
5495
5095
4175
3046
2503
6686
2462
2189
1945
779
4022
3403
3475
468
6272
5762
4570
3525
3123
1865
6821
4959
2087
3161
5344
2916
236
7057
3564
7212
6132
4410
5475
5365
6270
2204
6762
3187
5313
2814
5412
1708
5503
3461
5044
1691
4716
4891
1712
944
167
1531
3648
2981
4344
381
7150
5008
6152
3917
5747
5663
3010
5089
854
6906
2109
2232
6260
4461
1401
578
6484
6920
2641
1433
2376
4009
1773
2365
3948
7172
5435
1274
4643
2461
279
7253
6629
137
5217
3181
1234
5878
4034
4118
1830
1291
6711
5538
3913
4885
1009
3650
2293
6806
5308
4579
6015
2164
6940
5265
5739
3712
6218
1564
3891
2766
6815
5819
5928
2938
2871
6017
5206
6433
3971
3328
3751
3053
835
5899
4279
1129
1249
6590
910
6798
6885
313
266
4087
4212
3723
3654
6845
3077
3441
7024
2163
5988
7155
4759
5439
1218
6877
6872
698
4043
5976
4900
2827
3651
4960
3112
4235
2768
6201
2783
6315
5684
1432
6647
416
2514
4787
3576
3778
6521
2299
3246
2491
1410
