6087
5818
5116
2436
3321
3945
6780
5591
2448
6509
7138
2796
3888
1634
4447
2910
5945
2987
6456
283
4234
1040
5374
1016
3338
5770
1604
3756
5966
6481
3500
3764
5588
7039
3122
6463
6054
3030
1083
561
642
4246
2508
1070
6724
4671
6173
4529
87
4925
2191
2924
3036
5537
4512
4157
2317
5403
3962
811
2848
3554
5901
2346
6258
4870
5158
5369
5077
3235
1508
4231
4431
5788
3440
3031
2003
2704
2139
3171
5916
4811
5011
1391
4172
5930
2662
3855
3378
6127
7218
6458
4709
3891
1914
6277
7181
5205
3063
2096
5572
5314
4935
3353
3684
6508
1901
5832
4249
6070
3833
1308
1526
3622
4744
1568
739
1559
3827
1856
6260
1068
2071
6102
7066
2131
3328
4188
5620
2700
4541
4931
3257
3890
1949
5399
1666
5208
7240
4795
6527
5269
1630
3725
3570
6661
1296
6866
1698
6622
1390
6590
3580
5664
4823
6760
1834
5377
1848
6253
4001
5002
755
2736
472
4321
6131
5722
2243
2589
1765
4544
1685
5476
1397
3212
1147
5543
473
6610
3061
1474
3307
2476
2584
5670
5671
2571
7086
5477
6058
1735
3798
1748
5345
3268
2810
1710
4323
4092
5291
7259
4800
3688
4399
2493
3897
3913
2603
5760
658
6608
6952
191
7001
6372
6519
626
7183
364
5895
2747
1343
418
4909
6652
4552
504
4973
2326
6543
5316
1547
5287
965
5689
6359
3540
7139
6968
4380
6809
1346
5436
7120
1226
1244
5143
6057
5058
2748
1015
3714
2852
6081
2295
6476
14
5667
2713
2917
2989
2697
5743
2311
338
599
6507
6601
1412
2113
1633
1915
4445
5122
1377
1797
4340
5219
1543
4302
3730
6980
5098
5092
7162
6838
2197
2530
1067
4377
1573
3409
3653
5909
1294
3907
4679
420
6504
522
5050
7238
5407
5418
1314
5975
6542
6996
4513
6551
643
5088
2660
5156
5727
4408
3892
5320
4460
3369
1288
5435
1747
6250
5676
1693
6462
3918
3659
4908
1831
5803
5848
6891
3605
5861
4212
5532
3938
3282
1327
6340
1641
5174
69
4367
4784
4275
3814
2112
2367
4032
915
5795
2257
1462
6355
1125
5964
3574
6721
5297
4666
4016
220
4413
5210
6357
1997
237
3800
1517
6366
5637
402
3143
1782
4752
2384
5413
3377
5432
4230
4220
6160
5351
7177
3919
6924
4750
992
5113
4989
5607
1570
6268
6337
4429
1719
7095
6447
5638
2954
6231
3488
3656
6927
3491
4898
6792
4835
4126
6388
5138
2669
5013
7084
2633
2693
5950
6958
7200
6274
5563
2104
4551
4442
3662
1699
2119
2727
1439
6539
4199
2846
4832
1506
5172
3525
1738
2181
1913
5371
3477
5089
2235
2030
7029
3460
4991
427
1615
1768
4936
6263
6317
1706
5865
1263
4837
5985
15
3345
3594
5952
6368
6073
759
4107
276
4711
7053
6042
1433
5913
4862
6493
5069
6240
5450
2873
7189
1950
3524
1383
1245
2212
4263
928
104
3783
2208
2045
3102
6470
4545
1673
6245
4174
5778
2171
3865
6126
1335
4868
6763
5237
792
3313
1416
6345
3975
4746
7010
4900
1513
4964
4729
545
833
6921
3585
6474
4270
1947
3082
2085
3805
1248
1985
5893
2446
1165
2514
6438
508
5014
7257
4864
2227
3464
6288
1695
4146
4916
2484
1415
2730
874
5939
4383
2179
2433
2880
4853
1860
6152
3510
5162
6816
2394
3598
7067
1407
6450
3107
2283
5125
2864
5551
4087
7207
6749
2018
443
5239
456
4941
1095
5631
6271
4946
4536
6449
4907
4603
6624
659
127
5430
1916
3007
6675
6914
1967
7027
2835
1393
6098
6224
2122
7011
6120
2746
1502
3250
248
7004
4008
3365
5502
5844
1009
7239
3701
5565
1664
3399
4548
4702
5701
4063
6297
4034
6459
5738
5845
6154
1778
4177
4134
6710
1375
4357
5872
6567
6395
1869
5520
2520
1039
3280
2554
6686
7160
2930
2797
62
4148
4349
1087
5330
2173
5587
6781
1487
1027
3966
1811
2164
6228
6572
2086
6731
6059
5798
3406
3843
4685
623
2297
1503
2184
2152
1655
4951
3092
5160
414
6557
2345
2521
