5103
7030
3096
3531
2887
1903
5375
6336
4048
1752
5638
6908
3307
6868
5908
3949
6751
2165
7203
1527
1529
5607
5401
6616
5777
7237
6714
1890
6344
3134
2907
2354
3745
4349
3997
4747
4116
5124
4787
6438
4341
2851
2437
5490
5766
6297
7108
1787
1791
4158
6998
6305
4111
2344
5894
4788
5694
3779
4138
3191
6617
6268
5085
6362
3799
4404
1882
6251
5878
2115
3552
7080
1435
6338
2838
3169
2835
2609
6301
5265
6488
5841
1405
1985
1294
3802
7003
3597
7227
3048
4412
3388
1727
3955
3404
4782
3935
3236
3167
5030
2867
5479
4916
1857
5515
3996
5791
3052
1778
2448
6088
4629
6472
2966
4890
1873
2037
5732
2383
6872
2030
2438
5040
7152
3510
6115
7181
1611
2732
6064
5204
6624
5980
4204
4823
6966
4628
7011
2796
6514
5446
5783
4129
4041
7019
2486
2919
3248
5254
6729
4178
1620
6140
2085
5342
1375
5627
3995
5218
3044
1920
3319
3825
2218
6572
6909
5672
5630
2806
3281
5170
1767
6105
1537
3067
4215
2096
5151
5708
4619
3352
1335
3425
4401
3669
6529
1440
5232
5881
6498
2291
1386
7137
6854
6611
7251
4414
2674
6372
5116
3131
5555
2632
2787
3262
3975
1418
2659
4196
6269
2447
3998
5495
1512
4704
5279
3410
6661
3347
5758
5072
3473
4928
3938
5885
2783
7138
7067
2854
3570
3193
7091
2106
1330
2173
6850
1696
1577
6928
5476
4097
5647
5618
6200
1464
5987
2934
4011
3793
1283
6965
5054
1923
6402
3360
5738
5930
6492
4050
4513
5682
6241
3688
1493
4195
5749
1679
4600
4699
2496
4450
1868
5120
7156
5115
5737
3805
1443
1827
1480
6191
4090
4275
7184
5338
7110
2075
6833
7247
1925
4339
5762
5734
6606
5799
6722
2381
5390
5718
1775
4644
5981
1483
6918
3733
6046
2901
1915
2708
3218
3873
2211
5330
3897
2387
6354
2873
5083
4034
6380
3994
3369
7249
6339
4483
5891
6400
1282
2007
5954
6851
1656
7047
2164
5095
2157
2264
4322
5050
6806
5460
6724
3752
2645
2870
6535
6126
2606
5997
6559
3568
3951
5415
6500
6916
6980
3920
3461
2905
5344
5107
3775
6426
7143
5532
5613
3007
3617
6065
4669
6133
3740
1872
7118
1574
3045
7186
2233
5919
6995
6253
6526
5741
5644
4488
3520
7192
3159
6063
5782
1380
4502
5064
2978
2332
4092
1901
3038
1992
4190
5521
4332
7036
6387
1632
4734
4936
5872
3712
5910
5049
4028
3132
5560
2665
5968
4685
7052
5310
1770
6449
5487
1730
4538
3036
1608
7255
4524
5779
6018
3386
7257
4046
2541
5625
4989
6752
3219
2199
3009
7142
2600
2535
4062
6506
2307
5917
6021
2730
4861
4515
4864
1940
4348
5572
5372
5024
1710
6927
6994
6355
6895
2090
2511
7189
1449
3103
5067
4840
4702
4526
3933
5659
5648
2912
2662
6014
6568
4429
1395
1551
3482
5198
4661
6922
5948
6261
5834
6112
4139
1463
5058
4953
1777
4170
3184
6820
5492
3138
3522
1832
3559
4368
1678
6825
3003
7071
2686
5597
1946
4846
4094
6264
3800
2557
5674
2930
3609
6580
7225
3411
2182
4223
6942
3930
6003
3961
7188
6114
5059
2088
5859
5200
5025
6282
6826
1684
5944
4786
1499
7038
4417
1576
5865
2703
6178
3756
2543
6790
6342
2949
5183
1359
3729
5542
7231
2636
1496
5211
2040
3006
7233
6924
1478
6856
6802
1564
6742
6281
1534
3858
3093
5142
3898
1491
2992
4317
6874
2971
5904
3022
2240
5776
6644
3748
1954
3585
2377
6010
3926
2899
2072
6792
5873
5435
6037
2039
5190
4335
1592
3916
2579
2462
1758
5366
6007
5349
6069
1855
6317
1287
2550
5123
1482
6839
3408
1326
5808
5617
4253
4285
4187
1801
4171
4835
4968
3855
3747
5113
4797
7021
3850
3661
1961
6842
4124
2886
7002
7081
5831
3146
6049
4043
2032
2042
3645
3663
6886
4148
6917
7053
2366
5818
6051
4100
2657
6278
6099
5260
