3970
3101
3008
3170
6398
6633
688
3282
6509
3671
3984
187
3989
4196
3505
4915
5845
7079
5179
6376
4818
321
2182
6421
636
1474
6441
3167
6051
5328
6616
3962
4782
4513
420
366
5383
7099
1916
5322
2895
6563
4202
3388
6711
6317
4618
3908
6674
3111
3234
2596
4385
3937
5080
39
5123
2401
5394
4056
3752
5102
474
6029
6032
6590
3582
1161
3090
1355
3924
7138
1453
2189
6320
5147
1649
2921
5822
2214
2299
820
1864
1629
6556
3873
3685
1153
2300
2908
3127
4433
1941
5277
4904
4379
5700
3373
6400
2261
5784
4214
1120
2765
5337
6555
3821
2446
5313
827
