5274
2696
3764
5942
2248
6966
2417
1440
5054
4028
2222
4954
6478
3477
2469
5050
6622
6617
5930
1514
7180
2898
1692
1393
3235
3007
4158
3288
4488
4548
7244
6908
4799
5170
5647
4989
1852
7181
3373
7254
5220
3729
5773
1966
3946
1730
6819
4021
6742
1564
4007
3297
7147
6800
1760
3759
1402
3424
2579
4945
2447
3242
6044
6972
6185
5770
3773
2818
4454
6009
3891
4084
4359
2879
5713
5372
1622
6453
3583
6465
5064
6043
5136
7000
5600
2860
7140
7155
1615
6610
2849
5457
4786
7219
5577
1524
6053
6752
6799
2618
6526
3260
7193
5022
5160
7115
2252
4324
1302
3461
5307
6016
1996
4864
6940
3362
2064
3469
6531
4148
3529
4464
4087
2017
2655
5279
2075
3198
6210
4966
3688
5689
6069
3009
5321
6200
1931
6032
3861
5738
1392
7080
2007
7117
2557
2367
2042
3976
4434
4747
2630
5400
7165
6992
7035
5595
1463
5116
1346
7212
6448
5142
2322
7121
3886
2057
5316
6933
5072
3617
6607
6406
2307
2542
5799
5248
6078
2366
5682
6825
6367
4285
6602
2235
3855
3268
4526
5723
2448
6297
1698
3585
6848
6961
1449
6257
4805
3337
4554
3093
5849
6105
2733
4060
4673
1575
5702
4646
2632
3752
5025
5779
2861
6781
5944
2199
4702
1915
4135
6202
4399
6093
1359
5198
3593
5027
3812
4533
6064
1890
1638
6225
5113
1483
6882
1993
6355
7036
1267
1642
6876
4510
4664
3687
6577
5812
1770
1703
4756
4515
2482
5572
4131
5320
4476
4050
5808
1851
6842
6099
6942
7002
5712
2088
2233
3320
3131
6999
1842
5074
5024
3510
4618
5562
5056
6751
6788
5827
1276
6804
4223
6237
2535
2957
2705
3953
4111
6087
2659
7221
2834
3188
1810
1527
4612
2967
3035
6443
3606
4523
5925
7137
1696
4120
5415
6644
3152
3949
2806
5266
1542
2774
1340
5488
4340
5563
5190
4184
1829
2111
4331
3933
6958
3281
3058
4619
2662
3404
5222
5624
6514
6012
3918
4090
2486
2851
5330
5645
7138
5338
2796
6288
2040
1592
6774
1495
3955
6075
4661
2756
5560
5093
6667
2264
7027
7206
1583
6479
3636
2527
5058
2665
4391
4672
4196
4778
3570
5618
3809
6956
3884
5875
3850
6766
2468
1857
2070
3024
4998
3252
1513
7136
6350
4264
3767
3375
5610
4915
7069
1841
2674
4513
2462
1537
1961
6354
6828
7050
6587
4177
4349
5049
7015
2143
5888
3410
1361
6712
1405
3940
5317
4491
3225
1512
6085
6329
6802
3167
6169
2096
7225
6683
3045
5679
4429
3935
5718
4871
3044
3275
6965
4117
2453
2947
2090
6240
6253
5122
4816
5625
5834
5008
4032
4327
5566
5915
6123
3228
2645
2886
4750
5749
1903
1335
5869
1582
7087
6126
2327
3048
5347
3660
1621
5966
6801
7239
1421
2457
2688
5631
4823
1441
5791
4457
4788
6151
3942
1380
6840
6841
1541
1373
3411
1600
4743
4870
3873
5342
5124
3921
4553
3354
6028
3180
2609
3211
6363
5662
5398
3798
5684
3700
1885
3393
5218
1639
5536
4231
3854
2633
5095
4907
6866
1767
5885
6874
3962
5345
3777
6124
4034
3132
6460
2491
5354
1296
3520
5123
2106
3321
4395
3927
6242
2857
2433
4890
3547
6458
6305
2732
5788
3488
7251
5732
6911
5878
3697
2518
1370
4512
