3049
5006
5627
2916
3721
4298
4037
6619
4152
5741
6670
6741
6618
5642
6057
3320
4515
3533
3342
3325
4401
5605
2166
4033
3161
6210
4500
2357
2621
2620
6206
7219
4638
5438
1800
6004
4870
3038
7117
2881
3204
3235
4058
5542
2801
2756
6626
5474
4746
5384
6638
2859
6599
5736
5668
6147
3477
5750
2876
5134
6498
3099
6149
4786
5245
4004
7240
4243
6474
6348
6137
6219
1820
6931
3050
5570
6139
4488
5806
6966
5107
2321
1575
6201
6958
6804
6592
3986
4010
5560
1973
4555
6282
5715
5820
5043
5610
3057
5472
4107
7206
7255
5139
4024
5388
4691
7193
4664
4636
1416
5694
3288
3827
4939
1703
7209
4533
2683
3920
3136
6351
5787
5693
5511
5142
6533
4661
1564
2083
4669
3468
6765
6628
3141
4954
2732
3853
2708
2787
5061
1531
1666
5577
3850
3940
5128
3635
3189
5618
1510
6289
3752
3751
4549
3487
6236
7082
4242
6303
6656
5008
1461
5572
4967
2992
5575
6787
4672
5549
3475
6583
4431
6410
1815
5054
4649
5527
4689
6629
3729
6040
1563
2205
1385
6862
5942
5075
2987
5721
3119
3485
7120
2802
1992
2785
6354
7218
1527
4675
3499
6617
1670
2928
5050
2913
5509
6653
6114
4035
6952
5775
6194
2852
6961
5788
2322
7203
5841
3531
5380
6278
6706
3319
5119
4787
2931
3730
4820
4256
4040
7080
1583
6922
3873
6750
6729
6733
4816
5259
5238
4219
3991
2480
3360
7119
4593
6252
6854
5358
3223
2853
6842
4028
2507
5103
3289
5888
3952
4361
7036
4000
5236
4221
1426
7207
2879
7181
6801
4923
5123
5021
5723
3903
3404
5229
6835
3225
2656
3037
1968
3262
5977
3699
3776
6475
2148
6340
3688
3916
2460
1993
