2840
3335
1422
3985
1564
6966
4081
3326
2822
6297
6291
1841
1291
5741
4533
1670
4865
7065
6032
2846
2866
3837
6256
5715
6546
6301
5523
3338
3288
6958
1502
4385
2486
6249
5598
4524
5788
7178
6628
1603
2410
6180
5488
3287
6961
7120
6636
4004
6556
4058
3233
6458
4142
6442
6168
3804
7117
6158
7192
1851
4538
6526
3873
5630
4419
6213
6606
6171
6377
5110
5627
4427
6333
3344
4399
6347
3827
3077
1496
6755
4477
2859
6637
2063
4650
6611
5107
3337
1588
1373
5466
7067
4898
6317
5050
6842
3223
5489
6194
5022
2117
6728
