2270
5701
6830
6966
3460
3325
3801
5388
3477
5050
2729
6530
4460
5648
3487
5205
3338
5660
4865
6278
2787
3759
4500
6040
5964
6158
6180
5630
5107
4234
1336
5022
3552
5598
6291
3342
4464
3344
4439
2018
7117
4219
4691
2738
6282
6750
2916
3485
3985
2460
6961
6569
1443
2632
5668
4114
4335
2620
4399
1657
6194
4533
2678
7178
4286
3499
4150
6842
3141
6611
3037
3571
2683
6759
6606
5282
3468
4427
5255
6004
5627
6629
2771
6958
5374
3262
3404
6533
6700
4401
1670
6901
4058
6706
2801
7206
7192
4899
1496
2913
1815
3827
2403
6267
3001
2621
1384
4385
6347
6171
5110
6252
6377
3531
3749
3306
6354
4953
1422
3837
6349
1627
4991
5196
5787
2822
3148
5530
1603
1502
1858
5008
5061
1800
6501
4468
4769
4035
4242
3166
6256
4870
3873
3699
1885
6442
6147
3346
6139
2555
5948
3251
3287
1826
6458
5788
5376
7251
3130
5864
