4870
4142
3749
7192
1851
6458
4745
6788
7117
2866
6733
1564
5015
2678
4769
6004
3740
3326
1841
1603
5107
3335
5570
3223
3873
4058
1292
5048
6619
5572
3308
3037
6961
6139
2898
6194
2822
6842
2148
6282
4786
1580
7209
3288
7154
3233
1820
2108
2276
2931
6526
5806
5491
5022
4411
6171
6622
5433
3131
3487
4035
5715
4407
5627
3119
6040
5694
4385
4399
3499
1657
6626
3007
4401
7120
5388
1502
1422
5788
1670
4712
4898
3534
5598
3574
6354
3344
3837
3009
1384
5104
3081
4460
4468
3421
6255
6629
6621
3230
5050
3306
2547
6703
5511
2801
