2887
4058
4298
4214
4769
4742
2460
2729
4399
7203
3809
5575
3745
5374
4286
2621
1292
1800
2532
7117
6139
1815
5694
1666
6617
6004
3050
3552
7080
2303
5444
3597
7218
6494
3404
7034
2410
1422
4691
1657
4296
2268
2191
1851
3342
3037
3338
1869
6291
6706
3555
4533
3571
5864
6569
2801
2205
5627
5701
1826
5630
5282
6931
2656
6252
4401
2322
6498
5788
6854
6458
7251
2632
5781
6382
2262
2787
4899
7013
5196
4242
3985
2828
3136
3306
4427
2822
5623
3360
2678
5682
1384
2683
4411
4256
1443
6292
5015
6606
4104
1670
5043
5388
1603
3057
2708
3873
6354
5128
3940
3487
5598
3176
6901
5050
5715
6351
5384
4385
3130
5601
3587
2489
3049
5107
3007
4523
6961
6750
6759
2018
3233
3166
7192
6294
3223
5660
6194
6741
5048
5049
2941
6267
7179
2824
5787
4004
7178
4642
3189
7214
3343
6533
4035
4745
4865
3776
2913
6703
5134
6300
5668
6040
5948
3164
6276
4593
4953
4500
6563
5492
1993
6442
1600
6410
5433
3421
6282
4786
4439
6347
2949
2556
3749
3344
5008
6742
2270
3251
3093
6501
3119
2555
2620
6147
4335
7206
6317
3477
2326
4197
6842
2042
3699
2994
6638
