6139
4407
5839
7034
4510
4411
6194
6040
4234
1384
5374
3338
6291
5061
5433
5694
3001
3404
3342
4786
5530
1993
5864
4296
6361
5806
3421
4870
5788
4150
3952
4464
7218
6458
6741
2801
5787
3749
2708
2546
6501
6347
3308
6842
2303
2822
6606
1666
1815
6901
5384
7206
2620
1800
6641
3475
2780
5107
6931
1657
2532
6755
5781
1744
4953
3318
6442
3499
6004
5136
5282
4399
6952
5660
5623
4242
1585
3344
1851
3485
6638
5630
6252
3253
7120
6057
7117
7178
2262
3189
6533
2729
7179
2913
5948
3289
7013
5015
6147
4427
6382
1443
3571
2949
2270
6910
5050
6276
6282
4058
6759
3801
3597
2678
3873
2321
3176
5451
6354
4385
3776
6750
2555
3050
3223
4439
3204
3809
1670
5196
6301
6703
2205
6854
2553
3940
3119
6494
7192
4770
6256
4500
5049
6278
4298
3477
4991
4855
6317
6629
3573
3343
6961
4865
5008
5134
2452
3468
3360
5627
2840
3837
4899
3306
2605
2683
3049
1603
4790
6706
4533
6563
1639
2268
4745
2460
3037
6617
5428
5601
7067
2787
5715
4219
5043
2180
2018
3166
5889
2632
1820
5388
1916
3007
5048
3233
4197
1502
4256
6168
3566
5492
1575
4335
6498
6546
2656
7203
5701
3251
1422
4004
3685
4523
3552
6377
3699
2887
3471
4035
3487
3057
3985
