1292
5511
5048
2859
1820
5715
4158
3379
4468
4691
5196
6706
6377
3837
4533
5788
6546
4399
4058
5630
3776
3404
1603
4650
1502
6458
3827
6629
3305
5806
3699
5660
4989
7121
5136
7117
3299
4477
5701
6158
4464
6961
5022
3963
3344
2621
7120
7148
6901
5448
2851
3985
3952
5864
6958
4692
2961
5320
3184
5352
1657
2866
5384
7192
1385
2789
3342
6442
3293
2342
5008
3475
3809
5255
4427
3771
4510
2840
1851
7178
4385
4538
2913
3940
4524
1384
3891
5050
2761
2414
6842
6291
6333
5787
1496
6563
2486
1422
5491
2822
6354
7139
6161
5839
5489
6638
6751
1443
6194
3230
5107
5598
3233
1627
3306
6048
3822
5627
3873
