4407
5787
6931
2801
2098
5107
3534
3253
5806
6278
5268
6158
2656
3288
5598
3164
3571
6854
2360
5282
7206
6442
4058
3343
1826
7209
6879
2785
4234
6698
5380
6317
7178
5614
1800
6004
4138
6638
6563
2987
2018
4964
6347
6130
2840
4967
3881
4439
5660
3952
6700
2460
4953
2205
2678
1384
3994
6842
6354
6382
3160
3057
6617
5049
5948
2605
2683
3647
6901
2477
6830
7192
6139
3119
4296
3181
6282
4003
3342
6040
5623
1301
6966
3685
4642
4385
1422
2729
6608
4114
5374
6180
1841
3076
5715
7034
1296
6447
6256
4899
3533
2824
5314
3699
5788
6340
3251
3001
3344
6377
3166
2555
5365
3531
3471
4991
3319
7080
6530
2913
2915
5015
3616
6288
1666
3487
6750
2787
5134
5764
2807
6703
3287
5601
3306
2708
1670
5050
3360
3485
7117
6755
3205
3475
4243
4004
3262
5630
2166
4399
6194
7120
6952
5128
4533
4691
3338
5358
6961
3873
2083
3468
3597
6605
5544
3776
3477
3499
3771
2802
2822
3097
2620
3552
4150
6569
4335
3038
1657
3515
1993
3037
2486
2180
1443
2949
6533
6252
1815
3223
3460
5388
5196
4152
3575
6003
4256
6458
