3166
4399
1851
4533
6854
6952
3251
7119
1391
2913
3262
5134
5330
6158
4439
6004
5374
3306
3342
3499
6308
4549
3130
6351
3037
4243
2787
6354
2166
4385
4991
6931
3873
4221
4967
4593
2729
5694
6458
6563
7209
5128
3253
2931
5075
2620
3204
6286
5488
1788
3597
6966
5182
1384
5370
6703
2814
5282
4535
3575
5787
7206
2656
5743
6313
5466
2083
4899
3344
4081
5699
4256
3368
5948
2180
1670
5043
1826
5806
5668
1422
3699
2801
2303
4092
5107
3657
3571
7178
2987
6278
4004
3533
4642
3475
2270
6382
1639
3552
6700
6282
3338
5050
7034
7117
5365
2683
6788
4296
5388
3534
6317
6850
2785
5788
1800
3776
4158
2708
3471
2738
3343
1815
6842
5665
3952
4953
5777
6759
2840
2452
3485
5314
4964
5623
7120
4691
5741
1993
2355
6530
3487
3174
7080
5061
3287
3477
4468
5048
4411
5660
6501
4058
2854
3424
6629
5627
5598
6139
5433
6252
2949
3119
3093
3022
2262
2859
2205
2822
6361
5530
3360
6830
6680
1443
2916
6961
6617
3325
5614
5601
3001
3515
2605
4460
4407
3189
7095
6194
6288
5008
4335
3460
2915
2678
6772
5781
6180
6750
3531
5630
6638
7214
2555
6533
2460
6442
3076
2360
