4967
7179
6501
3477
2678
6308
6966
4296
4221
3251
5384
1993
4427
3253
5049
1670
3262
2913
4401
3130
2708
4464
5358
1800
6599
3287
4407
2489
5601
5048
5630
1992
6377
3475
3534
5570
4283
6952
5575
6458
6368
6354
5008
1443
1384
5627
6351
2295
2117
6533
6750
6569
4439
2436
6291
6526
5682
6252
2787
3862
2785
3873
3952
7206
5806
3571
2940
3342
3335
3037
7034
5205
6347
3424
5948
6282
5777
7120
2656
2262
7072
1422
7178
6901
6638
5374
3531
4642
4004
6931
4035
2205
2683
2620
6382
3344
5889
4593
6278
2180
4399
6772
6040
1639
6617
5043
6759
2916
6194
6442
4256
3306
2321
1851
2096
1826
4114
4058
3776
6606
4243
7209
2729
4385
3360
3699
4335
6629
7117
3499
6530
1603
6611
5433
6139
5743
3515
5128
3597
6608
2915
1815
6842
2801
3001
2360
5598
5715
3223
3471
3485
3338
3343
6830
5380
3573
5388
2452
6004
2403
6854
2967
3552
6287
5282
2840
1638
3533
4234
3325
4242
3166
5050
2822
3460
5623
3368
2166
6703
3575
5788
5660
2949
5061
4139
6961
4087
4533
