6751
6282
6194
4533
4593
5048
3308
5788
5050
4538
3318
6278
4104
3597
5598
2656
4642
3093
5627
5701
3500
3343
3468
3117
4779
6901
3288
1657
3571
4399
5388
4242
1944
4197
2620
3460
3749
5374
6850
5864
6004
4464
5781
6292
6702
4439
2342
6626
5775
6475
6842
3499
6139
4523
6638
4500
6741
7120
6961
4058
3306
2532
3344
4427
5196
5601
3952
4431
2460
3189
3166
2683
3251
4746
1422
1373
5438
3812
1815
6458
5008
6291
4899
5787
6936
2544
6706
6347
4190
3477
3837
2708
6349
3485
6354
6256
5405
3985
2268
1585
6040
3007
2326
6158
6294
3338
3233
3342
6750
4499
5747
5623
3360
6474
6799
5694
5134
6442
2729
3037
1744
7203
2180
3647
4870
3136
2486
4150
7178
6382
6606
2949
7034
4991
6563
4256
3940
3809
1992
5889
3673
2303
6569
5492
2967
5511
2787
4004
2761
1800
2321
5630
4035
1384
2420
5282
5715
3253
6252
4549
4953
6542
5075
4169
6269
5049
1603
6854
6057
6501
6516
6317
2941
3873
6703
1993
2915
2678
5660
1639
6865
4219
6999
3776
4720
6617
3552
2199
2096
2874
2899
5662
5061
2801
4298
5136
6910
3531
6361
4524
3573
5575
2822
7251
2913
3475
1443
1670
4028
3421
3049
4411
4865
4786
3685
3057
6629
2866
1600
3050
2205
5433
3801
6147
5948
3119
6377
6931
2887
3487
7117
