5015
2205
2822
1826
4870
6931
2276
3597
6475
2967
5682
6180
6533
2460
3223
4243
5715
5128
6278
2555
7206
3166
5388
4177
2270
4407
4898
2726
6703
3475
3477
6759
2708
4411
6458
6139
3338
1993
6575
4533
5864
5694
5134
1603
4964
4786
7120
7117
5530
3189
5544
2787
5889
5741
6952
2180
4439
5061
6563
3344
6498
5043
6317
2083
3057
6287
4468
4399
1992
6966
2683
4746
5489
6382
6057
5008
1391
3136
3531
4691
3007
5282
3253
4298
1815
6501
5314
2857
2050
5788
6606
5630
3343
6638
6842
4427
2166
3571
6294
6447
1443
4256
7178
1639
2342
3515
2801
5948
2771
5623
6361
3776
5601
2840
7163
1858
6368
3552
3952
4899
6141
4091
6961
4058
6442
5050
3699
5027
5660
2887
3037
5022
2949
3262
3288
3460
6194
5806
2785
7095
3049
2546
5598
3342
3251
2262
3801
1600
6282
3076
6629
3873
2656
7034
4157
4024
1461
4991
6004
1317
4114
6617
5492
4464
1800
3009
6750
1580
3233
6901
2913
7015
4770
2802
1670
4426
3308
5787
7192
4335
6706
2729
3487
4967
6252
1384
4004
3749
2452
1422
4242
4347
3055
2620
6854
4642
2731
2678
5627
