6213
6377
6563
1800
4899
3318
3057
6202
6617
3952
3344
6447
7178
3289
2532
2840
5763
5601
4769
6842
3176
5630
5061
6501
4035
6458
1670
1826
6256
5623
3233
3657
2941
6361
6139
3306
2949
1502
2553
5948
5388
6952
6703
3119
5817
5788
1292
2887
7034
4638
6961
6147
7206
4256
1934
1600
4335
6347
1815
2555
6292
1993
6040
3685
5282
3325
3050
3288
2268
3534
6442
6910
6936
4786
5433
6276
5374
3873
6194
3837
6294
7117
6533
2761
6282
2632
4533
1639
3189
3477
5196
4439
4399
6546
4523
6351
6741
1443
6494
6267
6354
4004
2780
4411
6569
2801
5781
1384
6180
3699
7192
6931
5015
1851
5864
5627
3471
4058
3338
5049
6611
3597
5050
4600
3049
1422
2729
6759
2326
5107
4745
2460
3037
3001
6750
5787
5598
3421
6004
5182
4139
5405
4953
4242
2180
5660
3337
1657
4104
4385
5575
6168
3007
4028
6530
7179
2656
5668
2787
3587
2546
6291
5134
3343
6317
7120
6269
2486
6001
2321
3749
7203
6638
3985
5008
3571
3117
3166
3487
4298
5075
2708
6252
6629
5384
4593
2683
6755
3552
6854
3940
3404
6706
3776
3204
5806
2678
6901
3253
3801
4427
2620
3266
3460
5125
3342
2822
3468
2874
2605
3251
3308
3136
6698
4642
5701
4500
2270
6606
