6878
6039
1952
5621
2226
2205
2783
3883
2163
6826
4870
2063
5723
3008
5195
7101
6857
6095
2276
4300
1527
4189
3282
7013
4940
4206
6154
1606
2987
2080
2489
2285
5549
5227
2001
4529
7081
4799
1405
7205
1556
6206
3397
2732
3761
5212
3420
2667
2420
2058
3837
2448
6417
1273
5000
7121
7107
6269
3124
3211
7225
1294
6879
3706
6292
3447
3536
2423
6675
2418
3252
3995
3079
3570
2555
6910
5986
4088
4666
3975
5990
5553
2616
5356
7206
5171
2394
2357
5438
2823
3675
3100
5761
5967
2148
2044
6543
3152
6788
5983
2397
2270
2690
6473
3216
2117
2014
5143
4102
4477
3225
6405
2144
4669
5202
3357
6811
3228
2735
4315
4953
6281
5400
6204
3159
6796
7038
4344
2713
6492
3338
6503
1993
3235
6112
2449
2346
5474
4081
5575
4605
2472
5550
4201
4169
5609
3708
5001
1995
6110
6507
4080
5694
6268
6038
5764
5040
3465
5163
2931
4302
7069
1905
4412
6426
6365
3774
7099
6267
1893
7140
2979
7120
1288
1424
2057
6547
3149
5113
6859
2677
1380
2934
4554
1810
6863
4234
3965
1417
6020
4460
2249
2065
6271
6615
5118
6951
2787
3998
5189
3897
1572
4942
6240
4434
4558
6952
4473
1956
4105
1293
3103
6715
6126
1283
3010
5061
3750
4297
3456
4951
5960
2486
7203
6023
6761
3248
2873
3168
6971
3227
3918
3647
3573
4384
4168
2102
4468
4154
5162
3871
4724
4616
6069
4151
1973
7189
4086
1610
5273
5208
5767
3432
4050
3199
4274
3290
5964
1381
5294
1692
4834
1402
6241
5664
4322
5776
5011
4027
6942
3760
6917
2953
6372
5424
6262
6018
5739
2128
3501
4547
3234
2698
2596
6045
3190
1830
5719
7259
3880
2070
4699
5008
5506
2171
1914
2463
6683
2113
3063
3136
3531
5413
6117
6542
4968
4673
6997
3243
6436
3539
5024
3007
1796
1783
3391
3669
4751
4306
4577
3184
2521
5051
2969
1815
5037
2888
4641
5520
4249
5788
6969
3198
6943
4603
4932
4646
3343
4780
1698
3549
5020
6802
5774
6926
2971
6127
5373
3399
6708
3117
1842
3762
1268
3598
3547
5713
2820
2207
6751
2341
2800
4450
1338
1526
7074
4303
3424
4107
2804
4977
2668
6249
4884
5176
4256
1487
4759
6276
5869
2047
3600
4491
6875
2983
3314
1400
3488
4226
2812
5892
2771
6137
3627
2816
4111
4901
4208
2507
2933
2624
5047
4083
3372
5160
6841
3589
3672
6974
4647
3952
4899
3696
3996
3546
3504
6844
6722
7207
4973
6652
4853
2189
7260
3809
1991
4626
3178
1688
6253
2235
5097
4609
5343
2400
2214
2976
2632
3129
1802
5754
6062
6419
4125
5038
6293
5022
4162
4806
3194
6953
6625
5557
2191
4971
6726
7198
5806
5743
5148
5410
4690
5283
6279
4816
6698
4401
2039
4796
6850
4983
3781
1592
4307
6257
6411
5302
7153
2431
4962
6225
4519
4523
6188
2379
2262
3115
7028
3655
6171
3273
5674
2283
6085
6282
4130
2298
3852
1320
3873
1790
1651
1743
1485
6328
4922
4754
5295
2930
6362
6181
3891
5876
2532
2514
1951
5778
7172
6004
2756
6484
3086
6552
2981
3514
2078
3561
4622
1800
5823
3047
2569
6049
5568
1312
2498
3968
1960
1520
5135
3804
4890
3009
3688
3202
6803
5606
6626
7132
3126
6105
2157
2778
5185
1866
2642
2913
4638
4948
5360
2567
7090
5700
7066
7239
2941
4596
2364
2076
7252
2714
5988
3195
6754
3893
1731
5647
5747
7008
6545
5732
3163
3074
6885
6800
2055
1691
3932
5059
5572
5937
1773
3887
7060
5119
3948
3493
3923
5891
6513
4757
4589
7001
5658
7078
1873
2097
6451
5077
2443
3798
6285
5784
5296
2805
4214
5953
2836
3201
4967
4591
4261
4235
4803
5578
6605
1703
3611
1965
5305
6526
1438
6149
6933
3121
2826
2586
2286
1678
5237
3805
2303
6270
1321
6131
2897
1778
5770
5982
5289
3204
6183
1930
2958
6877
3236
5368
1723
3807
1590
3569
7108
5627
