6658
3598
5607
3201
2983
2934
6751
6282
3948
1565
6803
5700
3290
1662
5995
2667
4234
5937
3696
2586
4940
1688
2463
7121
2807
6149
2262
6545
3968
4102
1991
2826
4983
4638
6808
4909
6084
5788
1931
3887
4592
3769
4840
6915
3236
4323
4344
5732
6032
5050
4432
1730
4307
5743
5776
7198
1723
4434
2148
6601
2700
1810
3849
6943
5302
2858
3582
2166
1400
2624
3937
5051
2070
2677
4754
4951
4946
2443
4968
5627
3611
4792
3388
4201
7060
3343
3117
5033
4554
2113
4130
6497
6206
4673
5674
4855
4596
5400
6062
3242
6279
5273
6953
4460
6521
2514
2397
1778
5022
2820
3184
6365
4616
3248
5697
5361
2394
5251
4690
2960
4105
2616
6732
6469
7013
2080
3686
3569
5572
3010
4806
6112
4816
2898
4796
1338
5284
3980
4151
6850
2778
5341
6004
3929
2633
6131
5208
5568
3589
6864
3924
6292
2981
6095
1995
2587
7047
3225
2853
3063
6626
2877
3074
1828
5478
1783
1381
4477
3966
3129
6241
4315
4550
3420
4206
4523
2881
3432
4603
5248
5669
3762
2117
2714
7008
4115
6741
7120
5806
2286
2703
4018
3235
6863
6877
3493
7010
3675
6917
3708
2532
6995
6069
6933
5986
2055
4083
2834
3952
5869
6613
4971
6878
4303
5253
6507
3456
2489
3189
5851
6624
6020
4890
6892
2276
3672
1796
1438
5296
6761
2076
3204
2379
6967
2065
4547
2784
6190
2816
1590
2423
1422
6418
5438
5988
2047
3880
7074
3334
4834
5008
3588
3669
2713
3008
4513
4899
6974
4589
4243
1677
3353
4647
2105
4320
6547
5944
5549
3807
4901
4699
1648
5119
5189
6126
5346
7259
3079
3314
1960
3103
2698
4322
1982
3627
5176
3417
2732
6049
6722
6826
7236
2050
5764
4357
5109
4208
3996
3549
1703
1546
3918
3216
4450
7225
7261
7116
4235
1527
5424
5003
2933
5163
5212
6768
6625
1556
5097
3007
5719
5520
5506
1526
3757
4641
6056
6815
4529
5037
6750
1364
2498
6306
5658
3273
5739
3771
5256
2823
3168
5747
3600
5664
1866
6204
6715
7244
5586
5160
3995
7239
4220
4107
5761
5162
4300
6285
6926
1727
3750
1321
1357
6473
4214
3654
5040
4828
3923
6879
4412
7189
2976
3126
2756
1273
7203
3998
6362
2048
4474
4125
3647
1802
3009
4422
5659
5295
3194
2486
6225
2705
4150
3891
5113
6747
1610
7034
5983
6110
3198
2001
5201
4256
6143
6276
3593
6440
3761
3211
5692
3809
2346
2303
6841
5155
6796
2283
5356
5897
1690
6436
5982
6615
1781
2787
4004
4669
4081
1800
6951
6457
1830
5630
2420
6252
4261
5609
4577
3774
5185
3100
2836
5964
5621
1541
5000
4953
6542
3871
3897
4169
6802
5077
1485
6185
7207
6811
4237
3282
6269
6154
3504
2930
4384
5953
5233
3488
5171
7140
3130
1956
2235
3247
6127
4359
3893
2341
5891
2596
6334
6372
2555
4010
2804
7167
2207
6501
6013
2987
5960
6271
5754
3110
1952
3447
5474
2971
6968
3190
2941
3149
5011
5178
3873
1572
2285
1993
2651
6257
6565
1814
4086
6942
3570
3798
5167
7260
6754
6097
3501
4666
3228
4491
5553
4646
4973
5289
2226
7240
6617
3142
4799
6656
5518
4922
2687
4301
2668
2953
6526
2805
4609
5135
6181
5247
3163
7078
6117
3178
6492
3199
4012
5096
5136
6910
3531
4249
4962
3069
4528
1380
4524
6759
5575
5118
5343
5202
7101
4168
2913
5232
2958
3330
6788
5578
5713
1905
3853
5368
3514
5892
4716
6997
6451
3587
4732
5991
5774
2569
3049
7205
3817
5967
7090
4967
2771
7206
4558
4147
3539
4090
4162
6503
3243
3451
6971
4932
1773
7146
6543
2205
3115
3688
6844
6419
3706
3234
3391
6045
2249
1842
3202
3525
7099
5647
3373
5360
2357
3487
3655
4473
