2005
3669
2286
6372
4081
2379
6382
1727
3996
6789
3954
2443
3010
7090
3247
6310
6061
3290
4946
3211
5341
4967
2128
6127
1640
1703
2428
3671
6276
6147
4124
3314
1731
4154
2341
4940
3598
6926
3600
1810
6306
1546
5373
4622
3391
1400
6943
1778
1956
5047
1873
6492
3549
2276
2423
1387
6617
6526
6864
3086
2163
4077
4804
2771
4951
3487
5964
2913
5343
2931
2397
4162
4949
4589
5008
6093
6953
3647
5568
3079
2624
2393
4799
1831
1478
3124
7030
6110
5037
3456
3887
6751
2420
5119
5553
4958
6230
3708
2805
2270
5784
2941
2047
6117
7078
5413
5302
3146
4550
4971
5189
2987
2960
3321
5575
5295
6800
1527
1781
5520
3248
2207
3739
6917
6056
1556
2732
6626
6543
4968
2055
3184
1526
6705
4973
2713
5412
6206
3159
3863
6271
4884
5424
3654
3126
7040
7013
4130
4566
6507
3809
7260
4953
6552
5202
4732
6181
5176
2897
5770
6440
5609
5621
6004
5995
4816
3547
1610
3168
1730
5438
5273
5004
3588
2567
4756
5747
7189
1273
4315
3262
3566
3589
3198
6625
2235
5113
1783
1866
5171
3201
5178
4511
6780
4699
3322
5050
3929
5001
3780
2113
3761
1995
6362
2778
7153
6108
1796
2498
6736
6732
4256
1691
2878
5796
6997
3569
4450
1923
6262
5674
5772
4738
3514
5869
4610
4977
6909
3940
2366
3721
5421
6910
5077
2651
3633
2514
2486
3149
2807
2262
5163
6149
4596
5578
4422
6877
4559
5051
5385
6547
2862
2826
5960
7259
6418
6951
1590
3948
7121
3762
3539
3225
6521
2858
6698
3516
4107
3593
6143
4460
3873
6079
4344
5743
3194
1662
3880
6859
5776
3893
4901
3066
4966
5739
4050
4523
3706
2057
5717
4189
4320
4125
6038
3223
4384
6018
5011
3121
6020
5253
5823
3432
5988
6942
4169
3234
3338
2979
2205
3493
2958
3696
2076
5768
4090
2836
6601
4303
4796
6971
3163
2608
3373
6252
3204
6638
4214
3190
2316
1321
4690
5003
1690
3804
6039
6166
4307
2001
3776
5071
3357
4592
2733
5806
5451
3794
2105
6365
2756
3769
3243
7205
5229
7239
4641
4603
5967
5836
4412
5648
5986
4201
3451
4261
4909
5853
1485
1816
5586
7069
6768
7001
2463
5118
3675
5990
3928
4208
6841
2677
3103
1800
1370
5891
1802
3807
4806
3870
3345
5474
4899
3100
1312
3937
5700
3688
3488
6565
4638
4547
1904
3117
7008
3388
6542
3917
6488
6396
3655
5991
3968
4529
3582
6844
5767
5020
5557
2961
3074
6095
7060
3420
4027
5892
7140
4431
4249
6788
6622
4834
6602
3129
3720
6652
3236
2285
4226
3257
6131
5897
4204
6815
1419
3008
1592
4168
1830
5572
4153
3932
2823
7203
3952
6048
4669
2787
3817
5510
6545
2148
5774
7206
3923
4609
4577
3951
2934
6715
2050
3570
2672
7074
6615
6036
6436
4754
2097
7225
4434
4234
3273
1960
2569
1773
5305
6915
4932
3343
4591
3715
5243
2303
7184
7101
7198
6282
5944
2983
3009
5619
2698
6754
6773
1402
3063
3798
1380
4864
4298
4673
6974
6154
3282
3975
3998
5195
1757
6361
5937
3195
6126
5185
2667
7207
2820
5022
2436
3774
2933
4674
3771
6204
4619
1405
2981
4774
3367
5478
4985
2881
1508
3837
3966
4647
1842
4301
3891
2226
4207
2976
6269
6878
6863
2214
4018
1688
2779
5851
3504
5761
3611
2080
5296
3089
4922
6636
5109
2346
7120
4890
6933
5430
5834
3627
6285
6045
3623
4187
3501
6879
6125
4554
6279
6334
6722
1606
3531
4235
5550
6796
5346
5409
3750
4243
2953
6850
2249
1743
