3226
6078
6181
2285
3353
6045
6859
1526
5557
4411
6990
6918
6713
3049
7065
6460
1610
5478
4562
5988
4641
6879
6885
4151
6896
5748
3760
3104
4169
4108
3113
4533
6615
2812
6108
5163
1830
2276
6829
1433
2783
4732
7236
7259
6702
1415
6780
3420
2635
4149
5739
5001
1537
3367
6246
5136
4200
5639
6528
5283
6004
4855
4286
3880
1546
3360
6143
6905
6131
2793
1381
4800
6105
3829
4716
2864
6370
3850
7205
1960
5113
4898
4645
5777
3988
2820
7074
6030
5123
6565
3539
6926
2489
3929
6876
5807
1400
3227
5728
4391
5719
6206
6743
6264
1815
2397
4528
4045
3269
5630
2791
3605
4318
2173
1911
5011
3117
1629
4724
6257
7078
3007
5611
4932
2663
7146
7167
6802
6997
5273
2636
7153
6394
6924
6149
1692
5022
7069
1809
2826
5977
6185
2931
1370
5061
6732
5251
5967
5316
5912
5606
2672
3918
1703
2687
2799
7189
4884
5438
4589
5976
6826
5785
2693
5609
3992
3995
6514
4666
2804
5250
4577
2801
3447
3223
7034
6103
6878
7004
1677
3949
4020
3310
3610
2547
5823
5747
4511
3009
2633
3243
5659
6788
6469
6362
3504
5189
3487
3774
3468
5647
2963
5302
3720
3456
3003
5088
3849
5176
3951
4804
3852
1417
6093
1273
6613
3598
5586
1876
3783
4968
2498
3965
5520
4130
1283
3958
4844
6593
1424
2743
6942
7118
4234
4690
3923
5828
1547
2733
6526
6419
5392
3152
5721
2960
7090
5474
3235
1419
3547
5516
1956
6312
6026
6708
3883
1842
4523
2642
2598
1678
6039
6091
4306
4083
5003
4622
2268
2705
3940
3820
2535
2971
3105
6688
1542
6910
6298
4644
2148
1387
5732
1800
3056
3569
7207
6188
6461
6473
4669
2834
3047
7091
3688
3800
5360
4799
6821
3201
5891
2688
3740
5401
5717
5208
5245
4934
7120
3719
5066
5866
1327
2521
6884
6019
6125
6955
2875
3985
5084
1429
5135
6642
4638
3205
3568
4793
5742
4557
2569
4346
2823
4237
4302
7013
3228
5125
2747
5124
6204
4561
6503
6626
5296
2286
3593
1338
4410
3669
3057
2364
4412
1783
5743
3248
3488
4864
3706
2448
2000
3490
5554
5892
4300
5429
4890
6915
4468
4979
6322
5860
5568
6155
3517
4107
6754
6740
2608
5995
5806
6513
6936
1316
3391
3837
3059
6546
4053
1476
1950
3247
7038
4125
5227
6755
2327
6140
3158
2436
1627
4554
6225
2047
2900
3211
1438
5730
6183
3893
4265
1465
5494
4823
5627
7201
7140
6190
1527
5848
4677
4806
5119
2249
1487
1485
4673
4708
3373
5572
3164
4086
5368
4827
2777
1725
4168
4813
1321
5553
4591
3897
4344
2078
