2789
3194
2063
3975
3619
3248
4828
4460
6061
3152
2065
3132
5867
4870
2805
3880
2667
4754
5163
6563
3063
6915
5312
4899
1294
5317
1545
3334
3488
7184
3275
5723
3344
4277
5789
2226
6149
2279
4161
2420
6447
2627
5243
2962
7185
3755
3688
1827
6875
2586
3769
7015
7083
3805
6850
1901
5691
6401
6773
5664
4318
4537
6308
1783
2574
5630
5061
2097
6501
5033
6451
7167
3700
4001
3252
2157
1943
5001
3243
5031
2044
4468
6131
6020
1826
4018
4312
6316
5775
6246
3206
2971
3321
5054
2207
2811
5022
2941
6154
4985
3089
4053
1743
2473
6206
5090
3024
4446
1983
3178
1941
6571
2949
1781
7098
7207
4395
6450
5289
4032
2258
2001
5368
6309
4547
2403
5486
4261
4909
3516
5430
3968
4189
6732
4519
3774
4286
6552
3055
3520
3877
1380
5325
3886
4234
3262
5131
7257
5222
6754
4638
2548
4853
7225
7206
6155
6570
4307
3041
5568
2498
4373
5135
5118
7260
3617
6615
5027
4673
4511
1490
5891
5148
4335
5026
2771
2987
2748
3195
4244
5138
5957
6545
5937
4445
2555
3211
3998
3349
5497
7230
4397
4926
3551
4556
3549
3949
2994
2507
4796
4205
4197
3698
5253
5857
1336
3809
4596
6426
2823
6951
1703
1527
3659
4550
6881
4296
6743
7001
5749
3288
4931
1289
6289
1338
6445
3711
6442
6910
1904
7259
2316
3235
1991
4088
3928
1688
6997
6457
3079
5202
2192
4724
4010
6789
4528
6809
2764
6276
6539
5374
3873
6271
1610
3996
3706
5710
4302
5152
5123
7074
5233
4301
6841
5975
5170
3493
4027
3633
2778
4320
5719
4901
1960
3861
5979
5905
6547
2587
3953
7196
7113
5124
4855
1679
3066
5842
5724
3762
1629
6127
5057
4162
4211
6909
6546
5302
4915
3183
3987
7148
1572
6613
3579
5704
1443
2255
3482
6965
5385
2873
3456
4081
3009
5055
5692
3110
6486
3885
5983
4548
3326
3500
7069
1757
2596
6254
6267
6354
1931
1677
3573
5189
1956
1682
4927
4411
3420
1365
2298
1402
6974
3884
6306
3560
3069
6238
4300
3592
4243
5703
3794
5627
5609
4482
4091
4055
3314
3547
3570
4058
6117
2999
5185
6878
4934
3474
5258
6281
2636
6192
4112
3597
3566
6477
3531
2144
5526
5836
5346
2729
2559
5107
5305
6826
4947
6583
6894
3391
6079
5481
7032
7107
2285
5787
3074
2297
3830
1343
1992
4249
3036
3360
2205
6605
4834
3375
3807
4940
6503
1914
6864
7153
3012
6873
3853
5678
6264
4953
3790
3372
2521
5237
6030
5292
6708
6405
2593
1405
3663
3548
6370
2291
5479
2423
2346
2128
4783
3130
6440
4063
5575
4949
3589
6253
4094
6279
3721
6876
6926
6761
4328
5717
1950
1833
3977
5557
3180
2656
6625
3783
1273
3465
3144
5700
4347
3857
4864
2660
7219
3129
5345
1400
6492
4163
2057
2013
1706
2733
4690
1865
2117
4077
4959
2542
2203
3225
6269
4529
2486
4873
2814
2877
6649
6243
7066
5167
2960
1691
5986
4716
2913
6056
3870
5284
3669
1778
5569
3086
4658
2443
6626
2262
5776
3648
5768
4090
6126
5977
6526
5008
5038
6507
4151
5747
3117
3010
4823
5764
1731
5967
5784
5429
2953
3070
5113
2641
2777
2622
1773
4604
3745
7013
6917
3487
5075
5774
4766
4083
5892
7253
2708
1790
2286
5384
2598
6125
1830
6230
5866
1842
3650
6285
3588
5011
4108
5779
5506
5460
4150
5973
5037
5721
5171
4746
3940
5295
4185
5739
3781
4146
4554
3204
3891
6815
6362
4524
6143
5928
5806
4420
2865
6707
6736
4313
6733
3775
6800
3045
6885
3164
6601
5097
4087
3654
6257
2105
3835
5988
5067
2826
6942
6872
7064
5876
5256
2352
1873
6528
4235
2270
2730
3852
4375
4816
3627
6647
5392
3198
7095
4691
1508
2341
5936
5921
5432
5379
6048
6137
2379
4379
4955
3708
