4673
3871
5627
2596
2188
4557
3721
2961
7008
2805
4622
1321
6995
4577
2569
3655
6521
1283
6943
3024
5077
5345
1956
4102
3488
5296
6440
2636
6741
2498
4206
3918
3948
6542
3968
6507
1778
6768
3194
2976
4434
3516
2191
3001
5772
3273
2406
5658
1721
4973
5020
6933
5409
5202
4702
2166
4975
2249
5033
3573
3100
7034
6550
5051
3804
3887
6543
1572
3493
4971
7101
1526
1991
3598
6206
2624
2807
6953
5764
6675
6743
5185
2608
5346
5343
4638
4647
5237
2097
6492
5995
5438
5201
3849
2397
1800
3117
6004
3837
4946
1380
4477
3204
5113
6271
4537
3330
4887
5001
5424
3103
4168
2756
6626
2586
5784
2189
5474
5400
1688
1960
6722
5967
3654
5176
2014
2953
5647
6601
3536
1830
2877
6147
6192
4958
1952
6565
6078
3282
1405
6826
5754
2058
3195
4666
1293
2471
5373
4884
6154
6149
4786
4985
3357
3159
2113
2826
4300
5988
3391
1781
4243
4979
1400
6155
6751
6593
5739
3669
4474
5768
6062
6181
5295
5735
5960
2713
6110
7069
2668
5418
5700
3201
1783
6095
4699
2262
5806
2105
3761
6293
3891
5040
1828
4766
4641
2207
3807
4347
5774
3549
3880
3055
7260
6144
5208
5761
4286
4237
2055
4890
2834
1730
1973
4081
2778
6276
2941
6204
6815
6282
3605
2341
7205
4349
5610
2214
4909
4107
7153
7206
4303
3152
3252
6257
3227
5964
2555
3998
6503
3617
4261
3372
4302
3809
3600
3349
3661
6545
6917
3202
6528
3647
2780
5609
2270
6267
5586
2983
5937
1485
2226
5000
3501
3819
3029
1317
3771
2960
5550
5986
6143
6038
1438
5171
2934
1703
2784
6125
7167
4279
4754
5949
5011
6334
3168
6372
2286
6241
6864
7090
3211
3611
4338
6418
4151
4511
2057
7066
3893
3149
6910
6997
6513
6501
4547
4450
2276
5878
6419
4197
3750
4669
5360
4523
5410
4083
3110
6188
5212
4864
4018
4307
4027
1723
2420
6020
2732
2448
5204
3853
6754
5283
2787
3184
6726
5118
2076
2661
5982
4901
3627
3589
3129
2981
5520
4951
4491
3940
3130
3176
3198
5038
5302
2443
4130
6892
4643
3189
1336
2423
3724
4357
4966
4834
3852
1930
5743
6526
6036
4968
4953
1381
2392
7001
2080
5008
4609
4125
1662
5572
4967
4333
2971
6926
6688
4088
6788
4940
2642
3708
3420
6049
5664
6285
3897
3314
7239
7140
5143
3547
6942
1294
7060
4528
3243
1995
2858
4589
5891
4610
6436
4315
2816
6800
2292
4412
1773
7198
2698
3447
5670
6411
2205
5135
5869
5606
4806
4962
6971
4422
7038
1590
4373
3388
7134
5322
5037
3138
6323
3086
5747
2987
2486
7120
5305
1565
7259
4932
1691
6039
3762
7099
3008
6894
5195
7218
1527
1727
4320
3096
6761
1866
4344
3010
2913
6126
5057
5189
6117
5991
5167
3675
2065
5788
5205
7203
3928
1814
6127
3531
7225
5732
3798
3923
4214
6240
5900
3126
3343
5119
6625
3079
2044
4799
5978
5719
4235
5674
7172
4256
4899
3525
4012
4234
5097
4690
1796
6922
3873
2163
3056
2303
2379
3504
6262
5253
6227
3805
2013
5607
4816
3593
3334
4190
5568
5823
3190
3360
6045
7132
6279
7074
4716
2979
5506
6715
6252
5059
2930
6698
3929
6473
6097
1914
5165
4473
4322
3063
2047
5160
4759
5368
6269
4184
3817
5776
1905
6850
2677
4249
4291
2521
5312
3373
3952
4983
3074
6131
3781
6457
4278
6974
3124
2820
3539
4384
4922
6877
7207
1747
6225
2001
4301
5554
3216
4738
2823
6451
6108
6951
5022
6878
1592
6112
3739
3841
5969
3706
5892
5723
6802
5163
2235
4169
2117
3975
3715
2285
3225
2514
4258
6615
3009
4596
3883
2687
3066
4149
4554
6362
7013
2157
1273
7078
3003
1610
3142
3248
1677
2148
1402
5713
6915
2463
5553
3569
3570
3688
1904
5944
1338
3178
5953
3234
3996
