5483
5356
3531
5995
3655
5949
5761
6684
4169
4214
2498
1982
4967
6868
4399
2804
3949
4690
6751
6626
7203
1527
3708
3809
5806
1743
6715
5195
5061
5004
1327
2807
7140
5001
4754
7008
4912
5374
4349
2521
3675
5010
5000
3252
5294
5118
4547
1357
1842
4780
5143
6135
4793
3420
7078
5986
4901
4646
7108
6878
2076
3178
1293
4234
3314
4351
3817
4940
3582
1572
5341
5424
2596
5510
6045
1905
4491
1606
6768
5960
4558
6617
6004
2189
5988
4320
6362
5767
6181
7069
5772
3715
1590
3774
2423
2587
5823
1688
3391
1405
4971
1294
6144
3388
1727
7260
7218
1723
5578
5897
2080
4834
3236
4249
1438
4102
6967
3996
4666
3273
3798
6257
3924
4357
5237
1778
3290
3781
4112
5713
2191
2836
4088
4890
3074
5609
4559
1851
3168
5866
2392
2958
6872
4951
3966
5051
5040
4973
3225
3338
7101
1869
3807
2732
7099
2001
3771
5204
6624
4204
1610
3555
5869
5409
2796
5568
6514
7153
2486
3248
4208
4603
1402
3029
2642
5937
2205
5627
3995
4384
4434
7222
3243
2113
6111
6718
5520
6262
5135
3761
6093
2276
5178
2816
6974
2983
5296
1810
6279
6105
5386
2286
6252
3669
3415
2148
3126
3488
6285
7121
3447
2981
4554
5413
2567
5774
5991
7196
4002
6602
5322
6372
7193
3536
2262
4898
2787
3975
5020
2249
4677
3837
1400
2618
7239
6269
4899
7013
3998
4261
4460
5418
2725
4641
2055
6249
5412
2783
7167
5302
3570
3198
2235
5163
6125
6850
2624
4979
6565
5088
4647
5647
2341
2283
2014
3891
2934
4018
3703
3199
2397
1283
4623
6131
2678
6492
3688
1783
1295
4220
6754
4519
4699
4450
1338
5361
3696
4256
6127
6615
4258
2298
2690
5737
3805
5900
2823
3880
6292
3672
6875
4090
6864
2420
7184
2713
2569
4610
1662
4816
6365
5428
7205
6676
5069
3589
4344
6892
2667
4932
6683
4609
4125
3100
2578
6910
5586
4958
3706
6473
3893
6877
4596
3873
4591
7090
3897
6788
1991
3769
4474
1677
1952
5553
1814
5295
3448
7132
5891
6188
3940
1289
5983
3487
5807
6185
5348
5764
3194
5664
3234
6231
3598
3549
4855
5202
3176
4322
5754
3762
2826
4909
6126
5770
5610
6732
3130
5554
2065
1866
5745
3739
4235
2214
3750
2905
2166
2756
3007
5541
3357
6154
2779
6543
4523
4669
5205
3227
2226
5284
6436
6750
5273
6625
7037
3887
5077
4920
6038
5778
5964
3163
5217
7074
6526
5741
7060
3047
6323
5717
5549
3159
4983
3569
5256
5982
7120
1380
2346
3086
3211
4128
3968
1956
2668
6741
3373
6841
7259
3918
3202
3372
5094
5212
5739
3121
4080
6521
2941
2953
6267
6271
1995
1565
2820
6545
4045
3066
6613
2057
7207
4206
7198
6157
3954
1730
4977
5360
5033
6018
5253
6079
3195
1648
3948
6943
2548
3009
5305
4083
1321
4297
4468
5953
5967
6879
5373
5572
5721
6405
4962
5038
1526
3627
6507
2913
6971
6451
3149
3103
4151
6201
6149
2778
5723
2070
5743
6773
3334
1802
3164
5834
6112
3129
6306
4162
2463
5506
6276
5892
6457
4953
4302
5189
5289
3184
6143
3010
6334
2960
3204
6933
2285
4922
4189
7010
3190
2097
5022
2930
6293
7146
5719
3079
6942
3930
4243
4477
6830
4081
2677
4592
3647
4309
5160
6282
6826
5944
5670
5031
4605
3654
1930
3852
5703
7038
2703
1796
1878
4168
3547
6110
4115
3063
3493
3546
3611
3923
2105
5167
6095
4153
1496
6863
5097
3282
2805
1773
5474
6802
3216
5008
1317
4301
7172
6281
2117
2270
3965
4557
2693
5119
2771
5109
6761
4107
2971
6501
1960
1273
6844
3952
2555
5776
2247
3871
5747
2047
4673
5185
4473
5171
2987
2379
6147
1592
2176
2687
4796
5438
5037
6811
7206
1703
6542
5876
6069
1855
5343
5176
2735
6513
3349
3804
4968
5113
3539
4638
4390
2542
2514
3504
1830
6440
4870
6049
2694
7001
3593
2663
2058
3794
6917
2931
5011
4307
1973
2586
6146
6997
6926
3117
6419
