3248
3206
1688
4151
5268
1651
6826
2268
3298
1457
5106
5827
4827
6502
6306
6125
5373
1336
3190
6259
5061
2862
5332
6753
4786
5578
3951
3885
6917
5304
1781
3144
4818
5088
1783
5757
6030
2270
4411
5721
6876
1801
3870
1327
5245
2658
5878
6800
6732
5549
5693
7181
4249
3282
5113
6758
4302
6149
1306
4083
6952
6666
7148
6802
3082
5807
3686
1386
4588
3975
5119
4596
1532
7060
2820
4112
5609
4282
1931
4055
4693
6780
4677
2080
3949
4761
3688
5037
1691
5325
1580
2789
5715
6656
6546
2621
5126
5747
3708
6009
3338
5692
7064
3288
4666
2013
4669
5135
5733
1639
6965
4385
6521
4511
2486
5607
4796
5842
4088
2858
5009
5866
4149
5635
5227
4923
4899
4756
5557
6985
3359
3852
4766
5917
4115
5345
4646
3979
6426
3893
5506
4526
5897
4320
2410
7225
3930
5927
5033
3834
1443
6440
1415
1537
5806
5392
6942
1400
2826
7120
5761
3800
6636
4004
1268
1417
4001
3790
5124
6181
6428
1460
6564
6143
4150
3877
6078
4300
6037
3804
3706
6613
2897
5977
1876
7255
3371
1851
6455
3906
5742
6615
3275
6841
6909
6526
3873
1678
5630
5394
5173
3308
4107
1283
5532
6878
5516
4603
6788
1734
1482
2961
5627
5145
5892
5409
6729
3420
4844
7193
2628
3611
5967
6587
1747
1273
5289
4834
5942
3367
3508
3252
2203
5717
6607
6206
7259
6789
6276
1490
6714
4044
5947
4816
1338
3163
3781
7204
7087
3100
5921
3225
3987
5006
2877
6435
3996
7196
5535
5010
4690
5232
3033
3243
4716
4432
2929
6724
4453
6048
5619
5400
5553
6630
4092
4674
5772
1535
3223
5775
3074
4189
1629
6733
6204
5258
5597
5489
2570
7059
5022
5776
4636
5768
2207
6743
5694
4468
4537
7069
1590
