5051
1830
2286
3923
5520
6543
2963
7260
1931
4605
6952
4088
3290
5118
2198
6127
2913
6125
6625
5273
5296
4716
3211
2521
6276
7222
6601
6166
2960
6943
5162
7069
6396
7090
7153
5202
3940
6069
5232
6969
3514
6800
6131
2586
6004
3248
6826
4018
4834
4162
6183
5739
6615
5891
3762
2667
5185
6473
5077
4638
1400
3809
3130
6683
5900
6773
6457
4300
5609
5784
6334
2807
5770
3539
3669
5343
4307
3688
6049
6419
4966
2732
5233
4806
5001
3593
7167
6507
3570
2756
2787
2436
2249
6761
2166
2953
4592
2665
3047
7231
3873
5747
6105
2616
3194
1508
3198
4967
4626
4529
7239
6892
3808
4434
2047
3079
1703
5730
4622
1438
2055
6038
6185
2690
4759
3273
2930
5022
6405
1781
3252
4562
3204
3243
5119
6503
3322
3600
6451
1905
3897
1918
4780
2128
6267
4864
2622
5189
1810
4554
5572
4610
6997
1688
7198
6093
2783
1606
3918
3547
4603
6688
3701
5368
1778
6995
5754
4235
5165
1691
4684
2934
3992
3493
6258
4086
2994
6204
2217
5295
3504
7101
6117
3721
3675
1814
7206
1327
7203
3346
1317
5960
3569
6492
4596
5664
6111
5506
4577
6126
2113
5743
6754
2624
2713
4450
4754
3009
7074
4968
6420
4899
2058
4081
6147
3111
6715
5869
4256
2373
5106
2813
2983
5776
3202
2961
5011
3373
4508
3647
1687
2981
1476
4462
4179
2207
1381
3195
4932
5806
7066
3588
2569
2489
3948
5610
2235
4588
4979
2226
5176
6613
2303
1485
3781
2725
5764
3339
6192
3798
5113
5568
4301
5305
6542
6149
3488
2893
5983
6279
5171
5038
3008
3149
4909
1662
5719
1357
1526
2567
2661
5878
2276
2632
4528
2420
3805
3995
2987
1842
3227
4855
6372
2080
3611
5037
5967
5478
5400
3501
4004
4609
1283
6926
4491
4422
2163
3168
4229
3998
4357
4673
4113
3117
6675
4690
3708
6282
3672
5363
6521
6917
5944
6110
2063
4884
2117
7034
6875
2320
3403
2804
1380
6626
4168
6268
6788
2189
1321
3086
2771
3129
4890
3451
4153
6850
2703
5788
6808
5412
6257
1956
3159
4971
6878
3952
5361
7218
4953
2618
7207
6513
6708
4384
1338
2400
1991
5477
6863
6181
1995
4666
1802
4012
2433
5721
1325
1590
5750
4547
5020
4669
5163
3549
4214
6285
4973
6097
7078
5059
6879
4699
6241
4149
1952
3996
4115
4646
5474
2283
6971
6864
3794
4641
5438
3754
2812
5991
2423
5424
3142
4169
3877
5212
4219
4589
5892
2346
4724
5995
3487
1312
7172
6796
1405
4208
1723
6032
4951
1402
1866
3633
5413
1527
6545
5061
3314
2698
4010
6411
5557
4249
2778
3871
1960
2364
6501
5088
3110
4901
6039
5167
6426
6146
2191
4206
4050
5774
2644
3180
4083
2958
2714
3706
3623
2805
5160
6281
4201
3774
2816
4962
6252
7205
4125
6974
3234
4511
1273
2262
2687
2443
4151
3696
3739
6497
7252
5040
3589
2608
6859
3839
2800
5033
4315
3184
6942
4107
4796
1294
2823
3769
2285
6283
5607
6269
4958
3891
3420
5986
4799
5550
5717
3282
4948
5867
1328
4302
3216
7140
5767
5647
5253
4922
2057
2976
3750
4190
6547
5700
3003
5409
7132
1730
1951
1572
2397
6802
3968
2341
3811
2448
5988
2357
6316
4460
6751
2971
1610
3587
3189
7259
3880
5008
2941
4395
4322
3447
6844
5949
5575
6143
2820
3007
5953
6894
4207
3063
3837
2979
1640
6951
6910
4412
2379
5761
2001
3852
2342
6418
6811
6933
3930
4828
1727
2836
4940
5302
3817
2587
5384
3531
6095
2065
5360
6112
3236
5356
2463
2076
4373
2486
2555
7038
1288
7013
3225
2292
1796
3807
5553
3178
4102
3126
4344
6206
5866
6292
4303
3121
7196
6565
6362
4234
4934
5964
3761
1783
7060
6552
3655
3074
6526
3132
1565
1773
2498
3190
6768
6877
5094
3975
