1292
6952
1629
7236
1380
3366
4083
4468
5429
4766
3290
2423
6987
6426
5312
4638
5006
3144
7193
6876
6942
5693
5776
5245
5477
4058
5630
6125
7032
1931
1338
2808
6264
4669
1336
3762
3783
5113
3095
5977
1842
5568
2605
6815
3100
7259
5532
5842
6802
4150
4189
5694
5942
7048
4134
4647
5251
5031
1532
5806
5610
5857
6917
3857
6436
3234
7060
3536
5721
5660
4149
5964
2286
2052
3906
3074
3928
3893
5392
6404
5739
6081
3669
6271
5691
3063
3887
2341
5345
3930
2063
2578
5960
1490
2573
3870
3996
7015
3708
7074
4055
3775
6965
7207
5022
4834
3804
6237
4051
1810
4282
2203
2628
2621
4107
3794
7120
7148
1460
4756
6206
6732
5554
5878
6656
6306
6733
6030
5227
3338
6677
6526
5921
1802
2961
6276
3275
3248
1545
7118
5620
3885
3252
3184
4088
1688
4557
6878
3560
2654
2268
2789
5055
4899
6874
4190
6117
6143
3298
3706
5775
3871
4044
6688
1992
3611
5274
6486
3321
7184
4636
5771
3781
2939
5609
6708
5008
1601
2270
1775
3475
5990
6093
3809
6521
5983
3771
6440
4511
6768
3617
1405
5516
5569
5119
5394
4619
6619
1457
3627
7065
6615
6747
2673
5761
7257
4219
4938
2534
3370
2913
3940
1983
6841
1781
2013
4524
6909
3937
7069
4884
2521
6724
4249
4112
7225
6799
3891
5135
3830
5778
3225
3700
4340
2117
6564
2941
2306
6758
3877
1830
1541
3070
6712
1527
3987
6257
6792
2932
6477
6401
1482
3349
6826
5283
5037
5866
5497
7153
4491
4693
3790
3949
6581
4674
5557
1535
6789
2826
2960
5787
6020
6009
1496
4300
3979
2896
6743
5124
4302
3861
2486
2627
6773
6571
5867
4004
2420
4032
3688
6503
5849
4537
3977
1783
5692
2877
3288
4911
5185
4473
6188
5553
4690
5839
4794
5258
6279
2443
3243
3350
3721
1400
1703
6638
5171
3126
5058
6751
1680
3886
4526
4015
2207
3976
4506
5293
5107
3769
5967
4432
5409
4115
5742
5163
1268
6285
5687
3834
6908
5289
3206
6048
7196
3988
5346
3933
6808
4395
5627
4603
3873
6974
1960
1989
5325
6800
