4249
7153
5296
4967
6501
3804
5776
4855
5119
2930
3995
4962
2428
1778
2080
6473
6565
6361
5424
6675
3282
7205
2283
2423
3703
4909
4780
2678
3159
5772
2586
6761
3623
4577
1627
4220
3924
3536
5713
6097
4940
2063
1991
1677
4864
1381
5669
2047
6974
7203
3589
3975
4261
2189
3897
6708
2514
3149
3514
4050
4168
3713
4121
6877
6418
6543
5413
2981
3794
5953
4270
7090
5995
4641
5878
6276
2865
2913
2826
3130
3539
6802
7239
7081
3488
7013
1312
5967
4115
5606
6204
2725
1800
2941
6436
4968
3163
4474
4884
6942
5674
5891
4890
5983
3937
4901
4796
5077
3724
2420
6625
3314
3762
6803
5167
4081
4286
4951
3063
2960
3647
5575
7108
5160
4357
3117
5867
5982
6602
5008
2070
3871
4107
4816
5279
5627
5360
1810
2663
5022
2117
5520
5295
7167
2877
2128
6334
1952
5232
6271
6328
3142
5747
3853
1485
6069
4344
2436
6126
6526
4349
6252
1321
5478
5361
4473
4899
4302
5607
3190
6062
5964
5900
2771
2787
5084
6722
5409
4673
2823
6768
6039
5557
6440
3873
3887
3952
1295
3852
5474
2953
7206
6808
6892
6492
5806
3010
5037
2397
1796
6863
2779
6751
4596
3605
2667
3127
2713
2804
1773
6372
2958
6542
5113
6206
5609
4317
3273
2286
6146
3195
3424
4124
7207
6788
5118
2148
1592
2796
6811
6282
2014
6943
5777
3627
1357
5302
5944
4666
6868
4610
4320
6570
7120
3695
7140
2780
6601
5251
5011
2262
5400
2346
2836
1688
7132
3129
3120
4638
6085
2807
3996
5185
4333
7196
1402
1422
2636
4622
3953
2642
3100
4547
2668
6652
3517
6626
6185
6125
6545
5229
1662
3968
5664
6127
3696
4558
2001
4086
5774
5202
6507
3531
1855
3008
4432
4206
1866
5892
4004
1783
2888
2055
1802
5368
3175
7259
1730
3721
2858
3420
1417
6118
5227
4979
3202
1956
3126
1438
3739
5438
3388
4973
3570
1424
2207
3761
1338
4754
1610
2875
5273
1691
5412
2624
6419
3242
2778
7225
6049
1556
2805
1289
6953
4235
7172
4757
1590
1831
2270
4384
3397
6365
6382
3598
2102
1550
3194
3880
6715
4932
2961
5718
4301
3204
3057
3809
4102
1405
4204
2163
6864
2065
1727
3675
1723
4169
4971
4012
2285
5171
3211
3201
6040
5294
2979
5568
4603
2820
6112
1830
5553
6857
5610
2756
7078
6967
4523
2569
3168
7260
3688
3234
6117
4214
5754
4910
2005
3074
4303
3146
6821
1842
4983
3569
7189
3582
5823
5764
4947
2448
6926
4018
4690
2555
4450
3849
3669
2651
3593
4834
3817
4322
6872
4130
5136
3829
5988
7074
6513
6726
5937
5057
3774
4759
3007
2035
5176
2486
1327
3549
4460
1995
6045
1288
4511
3178
7038
6705
4243
6241
7198
2616
5621
3645
6188
6451
2226
2276
1572
3807
4112
5040
3079
6615
2076
2171
2824
2472
3839
4647
5717
3447
5004
6878
5572
2214
6154
5960
2698
3850
3373
4189
5732
3750
5723
4756
2534
3940
2463
5343
4422
4208
7148
5051
5143
6951
1400
6230
4149
5346
4190
4953
5986
6917
3009
4554
2976
5163
5743
3965
3891
6269
6020
5204
6110
6257
1294
3504
5761
1814
6800
5770
4434
4300
4626
4080
6754
6281
3493
5739
3798
4519
2687
5385
6095
4307
2700
3546
3611
5208
4799
5278
2799
5038
4922
1527
4557
4766
6850
1687
4669
3501
4828
6910
3198
1380
2682
3805
3247
6915
2113
6267
6613
3547
3338
3343
2057
6933
3252
3573
2181
3225
6004
6826
1703
6262
6736
1960
7069
4151
6997
3923
1273
5721
3998
4128
5212
3164
4589
4234
1283
4242
3811
6879
6971
3184
2498
7060
3781
4468
6111
4699
2249
6285
2732
5033
3391
3706
5991
6683
6547
4605
3872
4806
6521
2357
3672
5189
6181
3236
1905
3346
3671
4550
3121
2166
3893
6844
3066
5379
7101
4629
3929
6362
2379
6143
2934
5356
5788
2058
3330
5851
2983
2971
2341
3883
4083
1496
5061
3243
4002
3290
5647
2987
2567
3248
3948
