6521
4799
3130
3010
3670
3321
5610
1400
2578
4693
4691
2591
5747
5839
5569
3548
5279
3663
3650
1796
3262
4234
3326
6385
5243
6550
4104
3164
4985
5090
3474
5022
2701
5038
1545
6143
6155
3066
3132
1564
1527
5124
6789
1321
4529
3333
2278
5409
5212
3248
6306
3036
1898
2258
2352
5773
5189
3350
1627
4296
4690
7252
5578
2420
1830
3953
5006
5806
2346
6264
6440
4395
5077
4312
3235
4949
1508
4647
5788
7074
2423
5692
1273
7015
5011
3198
5312
6544
4926
4990
6013
7071
6127
6754
7113
3891
1268
1914
3314
5325
3063
5152
4055
1956
5314
3288
4115
4322
4249
4940
2941
5553
4235
6890
6761
4818
2801
3885
5988
2971
6647
4200
5787
1933
2708
1572
6501
5891
5776
2596
7066
6347
4834
3857
7069
2381
3711
2700
3372
6457
3086
2994
2542
2226
6878
3420
1365
4307
5394
3180
6773
2369
4595
2823
3570
5867
5163
7206
4047
3079
4901
3375
3373
2667
2044
3551
5296
4091
2780
5951
6238
6558
5721
2403
5664
2698
4189
6800
6149
5045
3996
2587
5107
6593
3706
3794
4001
3181
3882
6131
6707
6279
3853
6861
2953
3307
4446
4953
6442
1537
6108
2063
6004
3163
6909
5345
2215
5033
1773
4092
7259
2961
3688
3852
4112
2644
3755
5568
4453
7077
5760
4410
5057
2341
6372
4162
2834
5148
1364
1629
5256
2777
1757
4207
6974
1343
6192
3252
4242
1943
4669
5986
4506
4081
7032
6125
4636
6257
2115
7008
1987
5892
6826
6809
6252
7120
4053
7196
2298
6570
6733
3117
1827
2262
1338
6666
3275
3189
3560
1790
3721
1610
7148
1960
2443
6613
6547
5876
3708
2729
7098
6507
3617
6601
5842
2865
5719
3206
4828
2913
3531
1633
3012
2960
2962
4827
4445
1377
3611
3970
7013
6166
1316
4932
3579
6056
5967
6626
2641
6285
5118
5479
6615
2899
5593
7197
5027
3074
6808
4412
4286
1294
2270
5368
3907
6910
6841
2559
5202
6276
3769
2915
1833
5418
5557
5185
2877
3592
2771
5975
5372
3069
7204
4058
6503
3597
6048
6873
5486
4460
4967
1747
2276
5703
6872
3873
4313
3091
3700
6545
2001
6230
1327
6302
2472
5167
6815
6354
6732
2117
4032
5795
6267
6859
3807
2144
2611
5001
4638
3589
3648
3242
4796
3679
2134
2778
2555
4666
1783
5293
5289
4094
3762
6451
3431
3204
2682
6479
3809
6137
5155
4550
5432
2323
2205
4947
4955
6020
5576
4203
7065
2188
5113
2285
6526
3940
2057
6447
3780
5678
3488
5429
6625
2645
5138
2106
3906
3493
2065
3234
6117
4044
3928
6274
6942
7231
2826
5936
2235
1931
2586
4438
6317
6915
1706
3349
4211
1336
2166
3129
1731
3961
4108
1906
4375
6605
3998
3987
2873
1950
5977
2486
3783
2680
5037
1592
1688
4205
6362
5128
3194
5139
1380
3360
4927
4547
6126
6951
4780
5627
3009
5237
4300
6309
3830
3975
3633
1490
2286
6528
4746
3877
5054
6997
5240
7253
1289
4964
5123
3082
6269
3669
6206
4373
3805
6965
2814
5836
4083
2013
6563
6243
4987
4864
1873
3089
7108
5135
6917
2730
5723
3887
1734
6832
5031
1293
1509
5295
6130
2477
4511
1648
7260
3598
6401
4816
4515
4471
1691
3671
2128
5764
4959
1743
7207
1781
5699
4554
1496
4123
3880
3547
3516
2507
6271
3055
4766
1703
2548
3178
6266
4603
4090
5430
3021
6806
6308
6768
5097
2622
6708
2097
1870
4519
2498
5784
2764
7004
3126
4185
7219
6926
4018
4548
4335
6217
4516
5284
6546
3546
2656
3549
6571
2734
5317
4063
1778
4524
2805
4420
5777
5233
4357
3110
3225
4783
5468
7160
2930
5526
3588
5609
5253
6030
5227
4077
4315
2593
5460
6232
3884
2574
1760
2560
3487
5222
1405
5983
5724
2192
4748
3775
2015
4673
5928
4301
3628
5051
4915
5774
5302
3861
5912
5160
6281
2521
