4673
6642
4804
5119
4200
3997
1950
2397
3719
6876
4799
4751
5229
4632
6952
4130
5478
6451
6802
3539
3105
1678
6267
4279
1419
5746
5777
7225
6613
6419
6997
3688
3164
5586
6503
6926
3373
7140
4107
5123
6440
3800
5143
7013
4779
5630
6514
7078
6677
2960
2864
3897
6936
3866
3992
6788
2875
4557
5441
3819
3720
3949
6370
1387
6715
1400
4021
1610
4622
1648
6127
6971
3760
4286
5392
3611
2635
1381
3888
2633
4677
5828
4237
5494
4769
3672
4890
6407
6004
2249
4647
3878
5084
3740
6593
4170
5609
3343
5988
2688
4010
3223
2820
3569
1338
5967
4302
2963
1476
3774
6565
1815
6542
4899
2815
3065
1911
6257
2521
5568
5109
4102
5455
6137
4169
5136
4558
4511
6298
4032
3057
5711
2286
7074
5114
4346
3980
6915
6942
2969
4641
6985
4488
2834
2148
5892
3940
5553
3930
6282
5312
4786
4704
3113
5607
2663
6287
5747
6322
5189
4051
6020
3468
4063
4528
3783
6069
5385
6108
5148
4806
4577
4432
3420
5227
5659
2276
1976
2364
1956
1960
7259
2931
5113
1542
4351
6526
5806
5860
2826
5022
6146
6183
4411
4333
4108
4219
3003
3047
4083
5302
2588
1537
6910
4561
5969
5739
4040
5516
3910
6713
4318
7219
2693
2498
2743
5124
5717
7036
5296
3247
3706
3487
5748
3488
5429
6924
4792
3820
3918
6131
6204
3104
4844
1415
5891
6740
4979
5627
6780
2713
5823
3243
3248
3985
2624
7146
3880
2791
1273
3755
6125
4168
6143
1508
5639
5273
3593
2608
6918
6626
2783
6469
4794
2000
2777
4708
3205
6181
5743
7196
4533
3007
1417
6914
3995
1627
4932
7034
6394
3536
2636
2192
2862
4968
7120
1629
7236
5976
3849
4151
4344
6362
1433
5212
5728
7090
6155
4306
4975
4823
6754
3852
2598
1438
4873
1876
4610
5927
3987
1783
4690
2971
6078
2747
5245
1370
5011
1527
6743
3547
2733
6831
1725
4638
6878
5438
4898
5723
6879
3504
4800
2469
3988
5360
1487
3235
1283
7069
5776
6185
3201
1327
2569
4562
4934
2784
1814
2078
6732
1547
3227
7065
6546
3456
6826
5283
5732
3837
3447
7207
3307
3328
5995
6045
5912
4931
3009
1692
4053
5001
4716
3779
5742
5520
3207
3211
2812
5477
3828
3929
6201
4554
6859
4281
7038
7138
4086
4468
3391
7205
3923
4666
5647
4855
3226
4556
3605
4966
6436
5460
2547
5721
3958
6614
6190
3965
1354
5028
4234
5316
4669
2672
1485
3269
7004
6057
1830
1534
6225
2823
3117
6507
6708
3056
5535
