1809
6526
7195
1283
4645
7259
6440
7140
4123
5554
5921
6587
5806
5942
3804
6942
6349
5066
4060
5927
5611
6686
5610
1416
1790
3275
1482
1452
4816
1545
6715
5506
1321
1450
1400
5532
3360
3866
1327
6542
6259
3359
7087
4704
6729
1627
6262
7204
6758
4343
6165
5307
4666
3350
6732
1286
3992
3272
7095
3243
1316
7193
4700
7142
5728
6561
5113
6546
6658
2853
1354
6904
6206
5233
6149
1532
6514
3848
4804
1526
6426
5135
5119
6878
4107
3979
1691
5489
5597
3225
3223
6896
1537
5721
1629
6622
1568
4149
4528
5568
4282
3759
7196
4844
5627
4651
1588
5990
1534
3930
6826
3893
4086
5535
6755
6030
5051
5033
5088
3884
3949
5715
3975
5027
6405
4761
6460
6799
6613
5711
6842
4834
6023
6885
5972
1338
2834
3367
5775
6210
1291
5557
6714
6733
5547
5516
4468
6089
4058
5977
1783
4638
5036
6964
5528
4756
2823
5717
5892
3338
4453
4688
5807
1380
5954
5553
6185
6809
6789
4482
4674
5891
4537
1336
4605
6910
4603
7255
5919
5394
5325
1417
6800
4636
4669
5245
3688
3248
1495
6195
3878
1490
5054
1582
3235
4150
4511
4786
7119
6181
6615
6915
4690
6909
4818
1535
7139
7120
3830
3858
4699
3870
5126
2738
