4450
5401
2270
6262
2014
3516
1338
5892
3105
6543
1677
6626
5747
6953
4853
3227
5273
5227
5921
2435
2044
1590
6276
3477
6622
1283
6754
4373
6417
4460
3353
3007
3288
2624
5983
4799
5647
7203
6926
3504
3373
4796
3487
7172
3540
5438
3163
2397
1730
5607
6503
3696
3104
1830
4855
4204
6492
3432
6271
2787
7146
6800
4774
2226
1402
4422
1973
5412
7205
6125
5418
4477
5004
2884
6419
4239
5964
6185
4600
3891
2286
2823
1905
1778
4444
4577
3159
4690
5713
6862
3910
5721
4947
7074
1783
7140
1610
4794
3129
7219
4603
4234
3871
1982
4940
5294
6526
5022
2084
2436
4962
2449
4055
4973
6565
1487
2667
6365
4864
4958
7060
4081
3561
4964
5031
5097
2076
3588
5385
3049
3706
3198
5774
6143
4966
3688
7078
6915
6873
3096
3126
3009
3456
5848
6039
6020
7010
4086
6032
3761
5742
1565
3774
5823
5001
6613
6892
4297
3314
4979
3656
4434
1327
4643
6188
2816
5754
4302
6542
3243
5400
2249
5520
2047
4971
6971
5719
5185
1802
1814
4610
3098
4207
7189
3671
5743
3184
6933
2420
6190
6750
4384
3804
2858
4265
5037
6078
4638
2514
5692
3566
3647
2864
2235
4249
4526
1991
6688
3164
4754
6624
3194
1294
2953
6257
6761
2698
4554
3290
7119
6105
6616
2733
4884
4053
3966
6715
4673
5900
4646
7218
3805
2632
4557
5953
4335
5143
3117
2113
6038
6732
6473
5807
4910
4149
6241
2853
4281
3149
1952
5724
3948
6826
2341
2820
1956
6225
5113
5714
5717
5051
2836
1930
1419
4474
1691
4968
6285
1703
4756
5761
4286
5572
2285
3952
4050
5553
5533
1437
4151
2587
5891
4344
1995
3995
6112
5637
6751
6788
3110
5827
1831
3598
6878
3852
4742
3762
4270
2663
1526
3953
6154
4596
5857
1810
5991
1527
4243
6146
7259
6204
3978
5982
6943
6625
4169
5343
3923
1688
5639
3333
6436
5302
4208
4141
6741
2963
6894
2157
1485
3190
2961
3248
6884
6730
2489
6004
6334
5627
3996
2771
3934
1321
5011
3672
4669
5222
6192
2735
6743
3968
2805
1682
2532
4206
2423
3918
2117
3924
6615
4090
6181
2486
3998
4107
2804
2472
2146
2586
2796
2960
4115
5360
4168
5658
2063
4307
2756
4229
3611
2283
5739
5960
3142
2971
7206
6479
4641
4547
4012
4899
2913
3168
2217
6796
3223
4800
2498
5409
4605
3887
1690
3570
3809
6149
2262
1328
6605
5356
2278
3975
4528
2070
3024
3252
5088
3420
4806
7069
6206
5609
2668
5118
3531
1616
1289
1400
6709
4953
5208
6780
4349
6118
5049
3234
7008
6396
4000
3811
6361
5295
3940
5597
4473
4491
2778
3225
4616
2636
1960
1934
5506
1627
4991
6802
3167
6264
7225
6550
2567
4647
7153
4080
5148
6362
4558
5568
5212
3987
4588
6045
3817
6253
1951
5806
1312
4816
3391
5008
3829
3880
5132
5463
6507
1662
7207
6910
7090
3136
2342
2171
4468
4666
6131
1288
7101
7239
5059
5995
6815
1380
5253
5664
6414
6056
7202
3008
2443
5384
5674
3873
4675
6736
1317
4834
5135
6974
5163
3600
3211
4967
5195
2593
1866
3798
5764
4589
3808
6513
1387
6447
6997
5296
4102
3930
6426
3897
6440
2714
5202
4322
1273
3346
2555
2789
5424
4154
3929
6110
6108
6545
3807
7148
2276
6768
3063
2601
3536
5575
5176
7034
3357
2873
2596
4890
3547
2732
5619
2001
5788
3488
2189
5413
5949
3343
3130
5474
3675
1268
6875
1370
3451
3403
5251
7120
5432
