5787
1914
6085
4272
3809
4087
2801
5986
6140
1852
3560
2171
4834
5107
5719
3551
5212
4347
5481
6048
6274
6545
3865
3009
5806
6445
5609
3225
7047
6272
4909
3194
1757
2780
5776
6773
6271
6267
4519
6126
2548
6766
2063
5366
4524
1833
6715
2656
3086
3288
5693
3164
2057
5135
6789
7206
3055
6442
4309
6864
3488
6218
4058
1830
7064
5289
3321
6217
5553
6550
2403
6020
2714
5678
5399
6030
2559
4985
3996
6056
3445
6974
6626
7115
2994
7231
7062
7219
4234
7067
3045
2820
5240
6507
7069
4690
6732
3861
3012
4550
3624
2593
3465
4990
4249
2560
5408
7194
2066
5927
4497
5163
6317
6362
3063
6942
3708
6965
6153
5031
6257
4718
6135
5794
2498
3130
2941
4940
4947
1610
2987
5385
5202
5691
5639
1842
4955
4964
3248
4108
4162
1956
3066
2128
3619
5723
6800
3833
5345
3206
5033
2811
5363
5692
6131
1268
2420
6736
3010
5607
2188
5432
3100
3830
4967
4927
2203
4759
3794
5892
5486
4307
4953
6440
6264
7013
6285
3252
4638
4818
6872
6492
1336
2286
2962
5284
3700
5747
5460
6876
2823
5867
1828
5569
1679
6951
4001
5197
5976
2826
4932
4185
2489
4537
2477
3549
3516
5928
2001
3199
2733
5773
1490
4379
6127
3588
3375
3706
4746
3181
2983
6910
5131
2895
6761
5575
3648
2379
5075
5842
2192
1931
5185
6106
1691
2341
3887
3132
7065
4794
3805
5237
3998
6249
6997
4554
5305
6754
6917
3178
2698
3781
1343
3589
3570
4301
3885
2999
5774
2105
4548
5138
1773
1781
1703
2729
2596
3940
3579
6230
6575
5374
5744
1415
5233
5739
6543
2235
5732
1873
2298
3928
6544
6061
1734
3548
6447
1796
5506
5554
3891
3198
6826
6365
6805
1943
4724
2626
6878
5037
3126
5314
2899
6206
2938
4297
3334
7260
4796
3431
3977
1380
4446
5957
3633
3569
3884
3372
2960
6276
4375
3377
1906
2805
5784
4053
2700
2038
6806
4669
1743
1535
4780
4934
6125
3531
6593
2144
3862
7015
6501
7004
6279
2734
3079
4265
4027
3074
4799
2521
5011
3650
1321
6281
2913
2764
4959
5302
6243
3688
1294
7107
1314
4081
6149
1289
2226
6808
1987
5222
5977
6859
4511
7259
3215
4689
2102
3070
2080
3487
2586
3117
4189
1706
5768
4357
6915
3621
5325
3180
5764
7148
2834
3493
4055
4115
1606
6768
1870
4163
6254
1273
5312
5700
7196
5189
3617
3755
4636
3275
5717
6334
1481
2270
3721
5171
3314
4112
6155
4077
6302
4211
6649
7032
4547
4460
6829
3173
2748
4373
2953
4596
1865
5384
5777
1688
3373
4673
6708
2248
5576
3262
5090
4748
1809
6909
3769
5119
1400
5113
2262
6873
3880
5973
2771
6503
6117
5951
4739
5430
4088
1730
2680
3420
6707
2134
4766
5619
3129
7083
1783
6832
4300
5022
1482
3474
5610
6401
2585
2278
3979
6841
3391
3338
2778
4205
5057
4010
3873
2777
3189
3349
1651
1338
5975
3597
6405
6605
1527
1778
5152
2873
6309
4224
3852
3953
3670
2877
5243
3949
4044
5253
6743
5557
6528
4302
5167
5317
2587
3243
7125
3783
2672
1728
4933
4032
3069
1405
5123
6450
5001
2667
6712
2730
5091
5258
3204
5118
4823
5664
3547
3853
4762
3968
3659
6809
4150
5568
3663
6799
5876
5038
6306
4242
4313
2627
5045
3520
6875
2352
4286
4063
4130
4261
6269
1993
2641
2486
4095
5721
2971
4208
1994
4262
3089
4018
6751
4328
4083
7255
4412
6570
6266
7207
2949
6204
2443
4516
2065
6372
2369
3857
5097
6253
1545
5343
7184
5593
1731
1633
2616
4315
1365
6850
4432
1601
2789
6919
2814
4468
6583
6547
5368
5279
4855
3987
2044
3235
4312
7225
6546
2865
6894
6861
1629
