729
665
584
116
374
908
278
105
672
582
1242
82
93
762
286
1051
864
227
988
587
363
153
943
971
350
337
1179
746
367
55
1113
443
1253
1035
1236
291
715
403
1258
907
370
264
790
585
304
466
113
1128
5
135
240
115
489
1195
669
1250
627
100
662
109
688
1165
470
277
695
396
1063
683
478
479
610
713
641
31
1
459
158
1094
118
1175
793
285
160
774
1056
848
808
536
1221
559
136
609
1027
140
129
1168
588
313
724
1054
707
753
1059
650
678
914
623
54
71
550
407
888
1265
781
110
599
994
1064
542
245
260
1067
807
409
660
222
861
625
1089
2
1012
141
237
15
949
1245
882
525
184
1085
635
426
805
308
27
368
87
96
698
1214
845
77
438
569
453
481
606
354
1241
441
901
1188
878
299
996
1255
922
419
392
189
408
565
846
767
252
24
64
941
11
335
60
301
211
628
952
39
241
7
618
671
560
680
340
186
692
674
146
78
276
997
602
794
576
539
552
204
842
1227
238
910
397
20
1039
605
57
130
945
891
255
513
761
349
1116
166
818
1235
4
1192
1139
742
862
557
107
1228
289
939
157
86
12
1262
357
735
1144
119
411
482
600
581
226
401
1152
83
145
328
265
934
803
593
591
929
1148
853
1194
899
509
230
573
1017
568
44
197
1137
1233
17
708
1042
986
229
712
371
89
325
696
1019
111
743
450
68
741
1135
404
273
58
1261
1205
65
876
916
139
99
274
759
716
235
437
1244
159
847
851
1174
45
977
300
1091
343
703
1058
334
656
1138
380
1173
188
768
512
251
168
780
477
246
61
315
66
104
701
442
95
169
1210
1115
722
1155
535
956
398
49
6
1041
666
76
691
412
191
999
841
324
1062
918
643
915
1076
961
421
131
619
258
143
1102
670
372
106
32
1182
1238
506
849
148
1109
486
267
1124
127
182
778
1114
586
232
802
1038
548
214
928
108
970
262
528
978
800
377
316
94
854
622
175
347
390
1119
725
1053
344
250
1106
1081
217
38
351
428
820
91
384
394
534
502
1207
474
165
953
836
992
1178
173
193
37
631
860
56
1201
439
1110
840
972
1146
738
1153
307
829
1007
341
827
198
515
1147
75
134
760
414
1248
758
358
973
121
81
870
490
874
1184
940
596
546
1130
266
1154
468
1078
705
647
120
1093
717
423
1014
210
