1031
3814
5928
122
1657
4458
5119
5138
7254
2104
5803
4364
3159
4577
4255
634
762
6097
5177
4411
7035
4864
2328
2047
6974
2411
285
3300
1320
886
4168
1624
1716
3708
6543
4590
4740
934
652
5124
2243
3174
1396
3474
139
83
4509
3023
4408
3927
3192
3451
5606
5505
2893
362
2327
55
1949
35
5891
2692
2457
242
4359
2496
3650
3482
7229
5973
6860
3152
215
69
3138
3351
2288
5269
6247
1864
4137
1784
4107
29
2577
197
7141
5022
317
4770
3393
240
2206
2133
1595
4827
4627
6969
2590
5934
3190
1193
6177
5746
414
1721
4494
2771
159
2662
2052
5536
6492
6597
7197
5165
6767
2578
5503
3408
5359
646
5609
243
1927
6398
6484
3535
4371
5908
5812
1914
3470
6369
1547
5103
5790
3977
4166
7094
931
5944
3911
7007
4610
1356
232
6506
492
7158
633
509
535
1332
3285
2573
4226
7046
1604
2668
745
2006
6973
3224
1676
3394
4657
1607
5423
100
4863
4857
3723
6272
781
1573
2688
4563
1030
4009
2009
6314
5751
4591
3721
2890
1191
267
5216
2778
5942
1556
2716
6516
3267
1590
5130
5735
888
4431
2273
6365
3406
1728
6720
3022
117
3204
3344
7031
6407
3505
3139
3655
2280
5328
4178
1466
2042
6856
5680
6373
3365
5043
3800
4367
6028
5342
24
289
4303
3207
3764
291
835
5214
1945
4706
4011
7208
6580
1731
3976
4513
6511
4704
5146
3755
6774
780
1763
3036
2237
865
1209
1435
4675
6450
6307
7145
1046
5137
1302
2034
1245
7209
1194
5971
2536
451
953
2472
4430
6350
5312
7093
1660
6152
5469
6640
796
5956
1570
6827
6672
1718
7148
2719
1080
4125
3395
4649
1712
5566
611
3765
5602
6899
1985
7033
93
2356
2954
5985
650
20
6655
6693
607
1881
5689
2137
2700
3914
5208
4799
3786
3135
3869
4015
3223
6664
5336
3338
7023
793
751
1966
4252
3031
2511
2951
1960
7133
1636
6488
4203
2
58
4152
1129
1465
1492
4143
6783
5403
1558
3472
2746
3070
2822
5060
1316
2644
6885
5791
1567
3687
1947
4738
5311
589
5164
5020
6364
4685
2934
6200
2929
3334
2949
6586
5372
844
4851
7166
897
3626
4732
4440
4663
2347
2375
890
5999
