1001
466
680
413
591
434
450
897
17
1030
1195
560
5
542
407
696
115
1039
884
746
937
861
201
774
744
628
81
247
473
815
813
96
600
671
1115
141
1041
847
193
349
412
235
978
105
527
388
1152
1207
86
380
252
301
716
341
134
845
1139
899
573
767
1173
1228
677
860
250
641
129
933
662
34
131
625
1027
282
213
623
291
398
851
477
136
411
970
161
83
1192
985
907
585
672
182
1215
403
156
408
404
7
370
20
1078
528
824
521
378
265
1042
1093
760
1184
56
1214
1165
743
366
325
504
609
64
1113
1144
994
89
721
392
258
267
1083
126
1080
40
191
1058
93
99
596
602
724
538
780
1071
738
273
363
1179
888
311
559
202
554
702
567
666
1155
307
108
986
1035
61
548
66
396
69
800
421
204
27
118
692
758
912
939
669
876
167
513
238
956
389
474
1138
168
928
829
91
107
222
188
665
846
853
703
104
68
481
922
271
60
401
612
1238
300
1255
607
127
303
588
745
135
133
110
334
54
818
1051
227
368
674
503
619
1265
1025
635
119
708
1201
451
771
1147
