101
860
189
121
710
12
5
1168
1153
95
307
39
426
929
1265
1174
1093
970
354
131
973
1253
742
610
243
928
57
954
605
479
75
127
650
477
916
299
1115
1111
350
715
743
1192
396
486
716
291
1203
82
1154
1058
759
304
1054
870
265
407
86
226
160
701
641
1235
113
173
647
618
49
1012
568
622
371
903
1175
397
1242
32
696
708
920
627
674
296
65
316
368
978
703
509
1188
807
606
204
820
377
500
754
384
267
705
192
525
175
351
273
111
1017
844
840
512
135
148
169
27
301
96
939
971
729
345
972
803
1227
557
140
940
853
315
671
767
1250
182
1124
99
1210
167
596
453
1214
1147
437
1056
498
827
266
1262
1146
20
262
119
980
159
482
245
222
602
337
945
198
184
712
842
380
774
1255
109
241
143
193
513
1245
688
100
1007
324
566
37
470
874
392
225
918
717
237
428
110
157
1152
358
582
308
591
247
891
54
535
260
104
550
680
129
1165
1051
118
741
116
1038
861
1109
1135
468
66
206
1144
994
21
76
862
282
585
328
678
15
229
134
1067
888
367
1116
481
211
401
91
692
165
227
313
576
988
762
276
31
724
105
1063
419
412
1114
808
1107
845
239
546
997
609
876
1081
635
107
246
882
952
61
922
910
44
761
829
340
1089
1179
852
691
60
665
40
802
836
325
443
941
656
1217
768
258
780
94
953
238
71
1078
794
365
1228
1236
962
83
177
672
878
188
68
915
145
968
404
1091
466
1195
349
914
136
506
818
489
851
1113
619
1130
439
1155
363
1139
474
1248
713
758
1148
1119
587
908
919
411
255
1036
120
534
854
130
1003
230
251
949
999
191
1062
707
264
302
899
864
666
343
1184
1110
333
45
286
414
1233
383
210
408
725
139
106
662
1178
565
69
584
232
753
1042
1014
913
569
573
738
153
108
873
793
669
166
515
56
240
1173
1258
341
442
934
400
798
528
51
586
4
1041
235
490
961
493
1238
278
158
347
89
394
599
542
7
438
560
77
790
372
992
805
146
1053
1094
848
695
760
1039
1194
289
625
722
1035
168
536
214
1261
1083
548
24
252
552
81
986
1137
370
746
683
800
17
849
563
38
339
217
2
628
643
478
409
421
1201
670
274
600
55
778
335
441
30
631
996
1241
1019
847
58
197
1207
559
186
87
1182
1138
1106
1102
11
390
78
539
1027
403
781
398
581
450
