106
7043
486
3523
6730
2710
2841
4715
772
2519
3702
282
3855
4386
2133
4460
4612
2160
6804
6204
4281
6563
5312
6978
4899
1519
1439
6202
1472
2948
201
5652
2279
4581
1648
5192
1237
2583
5968
7015
5715
606
4352
6900
96
5509
592
5755
1149
1207
2806
1319
3082
1181
5656
5564
3419
6131
2520
4171
504
749
6042
4293
4295
533
3418
3113
1449
2103
2351
2949
2711
2553
4308
2497
2794
4497
5734
2961
7235
5357
947
5431
65
864
6394
3119
442
743
4697
2027
5325
4957
6946
431
4693
6782
432
529
3613
4933
2726
1201
3528
6025
2238
4862
5126
1732
1786
280
701
2112
1071
1253
1015
4585
7260
2306
28
4248
1453
1663
6347
5341
7160
3828
3470
922
5937
1814
307
2381
4496
1145
1022
113
552
66
882
4788
4263
6425
6709
1845
3839
4596
4592
6881
3153
3451
4430
5280
373
1093
4030
807
4842
6289
3932
6849
2312
5172
3914
1991
2633
1975
4085
1626
6997
2619
535
5489
275
1130
6014
3023
2957
6827
6227
3970
5351
6770
6194
1585
3040
4191
5865
2923
4320
6191
4530
3600
4365
7241
6247
4911
3115
1604
4285
5240
5713
4211
6909
477
1534
303
4225
6057
6858
2405
6506
1219
1037
5813
7151
1662
5642
6882
1646
1491
3009
7164
2476
44
5335
6559
1407
2596
4238
3373
6267
2277
68
7228
2996
4587
6914
660
2298
5139
5840
946
5015
2668
1742
2965
3080
6073
492
6822
7020
3361
2863
3547
5039
3570
5654
2147
2636
3518
1852
3973
1003
4635
5370
3203
3140
7055
2460
195
363
986
4330
5277
2285
3370
2756
4463
3599
1247
5396
7025
1992
688
4064
5405
5079
1176
57
1623
5660
6081
5616
3787
184
2593
2156
1405
4104
3663
2346
6870
2433
1089
1197
2404
4245
3677
4696
4155
6895
1082
5053
512
5717
3637
3686
210
2440
157
742
501
6372
3324
6801
337
3465
2529
3643
3857
3765
5619
368
4898
1046
4977
3217
1190
5144
2141
3867
3343
1666
4077
3785
7120
3114
5960
1227
2402
95
5193
5631
673
2742
5167
17
2140
4684
5693
2119
1687
163
6397
2177
3359
2489
6538
3812
3506
5977
5208
573
2362
5106
6937
5066
7123
6814
4567
461
2330
2649
2584
3754
2896
952
2885
5849
590
5966
3150
1164
2911
3887
2723
6230
4303
4932
3767
2683
314
4916
4829
834
2487
5461
7004
5537
2397
6529
5639
6706
861
82
2792
5777
2191
4521
5812
6110
3545
561
478
1855
2023
6644
6
6756
3266
901
3468
1430
5456
3299
931
3251
5514
572
5701
2750
2899
359
6453
3389
403
6863
2343
6838
4725
5086
412
6994
4362
527
1633
1791
