1210
1111
5
1250
139
286
934
862
746
666
1069
140
1173
956
450
161
1265
38
216
676
1093
441
1195
203
625
13
1064
141
341
258
517
204
708
1257
24
873
864
613
945
188
1214
691
1153
1116
1221
512
1082
952
600
1089
844
369
78
1130
582
831
548
217
528
413
1087
533
716
1085
875
175
378
599
780
606
781
363
884
374
648
1146
407
37
366
1207
848
768
110
225
15
566
1031
264
665
920
1042
867
669
348
984
896
560
1113
116
1149
421
608
20
81
95
1218
470
1039
618
12
593
99
404
276
1234
308
316
68
1016
71
226
970
846
590
559
419
1147
324
377
1137
758
707
1038
1263
315
818
173
829
186
469
1035
602
325
168
1019
1255
260
182
1179
1192
660
1238
468
1007
961
131
382
696
328
986
160
297
941
136
631
471
887
852
240
238
805
411
591
299
69
513
742
999
479
1106
304
759
845
193
853
105
493
1088
491
392
1241
1091
641
743
859
342
311
66
30
798
1063
577
1261
500
494
222
1041
1248
133
163
143
702
705
134
398
129
882
656
1110
380
654
478
554
778
880
267
87
1136
1027
1134
609
349
1184
306
104
962
242
313
56
28
61
996
317
808
802
108
1188
474
45
973
1090
232
82
1109
647
585
198
610
918
291
350
546
27
678
992
83
761
106
860
760
115
230
189
584
1162
527
281
943
250
1133
1017
888
340
477
1081
652
372
418
849
1165
688
1236
434
953
851
550
207
490
627
235
1102
153
913
384
922
251
100
972
401
135
343
57
954
89
870
1114
587
997
1094
252
438
1107
515
622
64
944
17
169
120
506
978
192
1155
542
939
823
724
899
412
370
1237
481
91
725
525
76
255
246
159
146
1228
266
861
54
701
509
671
75
659
1056
847
557
214
789
165
874
197
191
990
1078
703
109
949
1115
1135
552
1152
1096
634
1235
265
227
439
840
670
819
765
596
2
589
1058
729
1258
466
453
713
672
1262
60
674
916
72
4
