104
696
521
1139
119
131
1184
542
161
421
588
746
1217
17
177
771
1115
449
1192
1179
481
774
867
623
28
107
265
715
1237
920
628
477
548
167
680
677
1111
5
34
366
1223
559
182
141
54
1078
136
538
1089
513
724
907
20
846
368
919
1228
1119
847
258
1099
91
1195
285
451
968
978
408
956
250
625
765
596
591
1207
203
758
1238
110
585
635
401
118
888
674
398
619
1215
716
156
860
238
985
378
1069
115
476
743
96
1041
708
271
573
1051
1039
40
829
703
68
876
853
86
823
134
307
760
641
872
527
411
666
341
1156
939
222
1035
1152
69
669
61
1265
191
89
403
474
609
986
922
612
1147
738
133
202
273
1027
