6782
294
6491
2112
4842
5525
3974
4269
987
1641
2462
2691
1935
2513
452
5763
5724
2724
2
5522
3050
373
6733
782
1458
3248
4257
6826
4883
3494
426
967
5849
3096
6958
2393
4117
2675
7058
1745
850
5346
659
76
5915
6419
72
3037
1831
6978
1793
6763
2935
1543
4888
3982
1281
6889
4388
345
6055
6355
69
2576
2068
7225
3674
1722
2919
1880
6013
3348
1105
5039
739
6185
1592
2110
6558
3555
4656
4562
5643
491
469
1179
6178
7068
2500
5595
5574
5523
1333
5713
5992
4241
2712
3832
847
5349
5801
2179
4447
3270
2267
7227
2766
1142
464
7198
2668
6093
31
3385
241
1503
3432
1367
3547
4481
909
6953
4591
5760
2298
1195
2418
5932
1975
3742
593
6258
5111
3536
2994
2789
4862
3405
6799
3362
4057
5491
5506
6331
1930
2124
328
7067
2038
6313
4607
2324
546
2083
6420
4505
105
2568
3894
1748
227
2531
7088
708
3368
2250
3165
1012
5714
3647
2752
3932
6448
5421
5321
1435
1454
390
3715
3576
4397
5966
1726
5785
670
5998
5198
6592
519
6846
7037
5808
3711
2908
6324
6435
4121
5478
5275
5060
6862
3826
6787
507
3116
4229
5486
6775
1017
218
2499
5126
2996
2186
6675
6642
1892
5855
6902
3170
7
873
3023
4129
5044
7228
5663
1970
3082
6711
282
6626
4465
5365
2102
1028
2164
5976
6486
4807
7072
6621
1063
2319
4043
4119
5448
5665
6151
126
6159
548
6661
5777
3584
6759
5080
2334
3176
6916
148
1110
437
449
5260
3579
1183
4267
204
6818
2007
5940
185
7157
2528
1843
6783
445
275
6545
6342
2975
5858
3314
5557
7054
1925
619
5003
5930
4260
2096
5956
3048
5115
6048
3479
3180
4083
6227
3410
5882
4538
5160
2589
6281
3774
4965
3112
6066
6036
3869
5055
3022
417
5994
1014
6450
4678
3839
3010
5847
4049
473
2823
3737
6400
5327
5835
5621
3041
3158
3371
303
4409
1962
2018
1200
1445
6218
4414
337
4416
2739
6620
4802
3861
3730
650
1152
4630
6681
5010
6833
1659
2448
2046
44
7061
5601
3866
5549
4328
1233
4460
1447
4661
661
454
3066
774
6534
610
5955
1210
2832
2069
2160
4848
4322
3292
3435
4606
6844
2431
849
6143
6172
5271
1059
4412
3263
5827
5759
4715
2901
4014
5765
6418
88
3786
1719
4428
2646
6638
3391
893
5184
5425
1332
2219
2642
1483
6346
4652
612
2043
3126
5841
933
6152
5180
4924
2821
2578
2406
6694
4141
6540
1418
5870
2459
