374
570
1262
900
290
606
622
1171
1145
848
400
307
921
625
945
546
1253
907
1179
222
838
141
431
481
712
1009
68
371
843
1183
91
414
972
407
744
863
398
540
962
845
316
270
1246
164
656
133
708
439
605
450
1233
784
703
796
840
1152
463
367
309
259
327
82
864
100
474
594
394
886
568
873
198
225
296
753
130
227
314
121
24
514
237
281
710
762
735
278
1065
988
818
761
741
565
820
448
351
780
1093
215
976
218
1012
831
243
548
729
875
1236
258
1041
134
454
707
924
645
1223
743
755
240
557
716
415
203
63
1110
385
1192
1129
411
1203
1119
765
583
339
83
1044
1258
324
899
325
444
226
1228
77
434
807
952
810
569
368
901
1116
956
214
354
1036
577
1168
815
1257
758
854
943
1113
878
1111
1173
676
311
489
1178
588
166
201
811
195
767
1023
210
859
549
790
291
163
442
298
683
515
131
266
1248
238
1076
814
160
1027
960
852
366
1235
248
860
273
904
1205
89
1109
987
582
669
1182
17
651
401
963
173
13
853
1265
363
349
340
949
338
347
746
596
888
81
285
274
1144
275
86
508
666
839
1134
21
186
1154
14
517
255
1184
1244
419
981
922
939
42
957
1209
751
652
118
1195
1005
1176
229
1064
980
895
844
805
469
829
1226
527
754
768
445
724
870
265
236
935
286
472
498
87
1081
560
512
559
686
40
641
267
271
1254
302
2
219
971
189
868
802
477
778
335
1107
26
421
447
478
934
1078
54
808
1147
696
1200
1130
1137
277
1240
986
142
882
1199
1115
1014
506
466
876
241
1035
733
910
984
581
554
1094
235
1112
905
1245
879
1157
585
183
313
1054
409
1234
1230
940
51
1207
20
