1205
807
707
1134
1179
1183
548
984
415
844
549
447
302
240
1044
442
1176
371
225
645
963
839
229
1182
1093
17
354
1245
130
1087
1147
962
27
210
91
904
960
248
235
1230
478
888
565
236
686
258
385
398
1207
901
577
1168
401
854
316
51
186
943
1005
100
987
712
1253
588
118
889
414
298
1081
569
368
1228
980
606
472
582
743
957
20
868
24
42
512
952
796
363
940
651
769
514
886
945
1137
557
641
845
1113
581
133
838
724
1107
852
311
879
546
805
1265
870
843
307
583
445
515
596
87
338
286
1023
290
339
141
1009
708
270
1041
751
744
291
1240
82
1116
313
625
746
1233
840
1223
489
1244
1248
89
976
910
218
971
347
554
259
173
1054
183
1094
265
121
784
498
142
527
541
568
905
716
469
733
676
164
327
324
836
474
1199
1236
755
853
860
666
900
409
1246
1209
296
349
859
972
463
166
267
439
878
585
814
314
778
367
559
848
227
477
935
815
274
818
1027
335
768
1257
454
1130
1145
238
40
394
741
882
1089
281
1195
214
762
195
421
753
956
921
899
863
1014
729
622
939
434
765
1226
26
864
1110
83
594
1258
1035
1152
1064
758
407
351
366
278
1157
1129
54
873
400
201
198
14
767
222
431
605
444
2
1184
275
1144
411
1262
309
237
669
81
540
703
683
134
163
560
77
1115
450
922
696
448
1200
508
374
160
241
285
570
810
802
934
21
652
68
1065
876
340
907
1234
466
277
1111
1012
86
271
63
273
1078
1171
226
780
656
255
986
1036
1109
1154
215
754
1203
219
761
981
820
988
811
131
735
924
1112
895
1254
506
189
808
325
1173
481
1235
790
