120
860
343
135
641
438
340
672
674
882
2
1165
838
1184
920
1007
367
647
377
134
250
607
554
665
276
74
444
610
490
175
793
66
761
1053
130
1245
329
398
506
335
188
1265
78
626
800
669
44
107
351
922
1258
874
1054
380
548
600
984
901
158
507
768
443
935
581
273
1044
396
994
37
58
311
139
592
140
337
803
1155
230
227
365
1118
121
20
774
390
1116
929
973
765
372
941
173
599
625
38
421
1091
1201
1014
1106
569
691
1124
971
1153
671
981
586
513
453
1174
1102
1203
949
233
1147
1230
93
136
210
252
358
1241
1042
914
568
997
1111
17
876
167
695
404
431
61
802
725
565
514
1035
450
96
407
1056
1063
184
168
1067
265
1210
509
39
1137
55
1135
466
924
622
1139
854
584
162
192
1114
226
701
143
818
851
916
87
934
229
363
232
441
596
378
656
1233
437
370
1194
145
588
1034
1003
299
512
347
341
4
613
414
552
304
798
238
705
978
542
1154
1182
992
888
760
251
129
1036
635
204
833
670
94
109
729
546
1065
962
755
1109
634
1171
113
790
1178
928
119
706
49
646
778
371
426
970
185
246
551
849
683
794
696
169
910
75
573
847
225
1069
105
703
214
1081
808
953
77
492
781
291
1017
829
409
550
1085
993
712
24
618
104
767
313
428
382
560
1115
357
1192
296
809
32
82
411
945
899
278
368
274
1152
707
861
1148
988
255
374
15
286
397
1076
1238
262
71
1173
493
525
566
81
68
218
845
1094
31
324
1235
1146
807
159
166
627
479
515
241
536
1168
126
413
717
22
1119
98
528
996
86
940
277
498
557
796
943
987
715
1023
12
1130
662
1169
419
891
678
354
741
1041
1204
879
540
205
759
698
439
702
307
862
738
666
870
260
545
478
1195
474
500
117
628
1
535
735
30
65
527
952
1236
245
1227
203
742
165
1051
127
323
95
285
434
1027
115
1038
21
54
631
897
660
1224
383
106
1134
1253
442
1089
780
189
146
56
328
316
235
182
713
217
11
45
111
652
591
1110
131
692
349
317
842
394
1133
464
191
956
758
630
7
918
301
1200
1262
570
1179
606
878
539
1020
110
873
266
650
482
237
853
264
153
486
680
986
827
605
753
846
148
587
917
401
100
972
476
602
240
408
1250
1019
10
864
722
186
848
193
118
60
198
743
489
915
585
1136
267
481
805
88
764
559
980
330
468
26
1078
5
954
1083
108
1188
27
89
762
508
384
939
473
197
534
83
1064
461
1261
582
619
141
1214
157
549
1138
841
908
222
1058
903
746
1012
350
289
609
160
961
247
1093
258
852
1062
99
999
1248
716
76
206
416
724
1207
1255
308
754
1107
315
1175
325
1087
195
392
1144
1113
57
275
820
