710
1058
486
758
918
521
153
1116
772
945
74
282
1
449
294
133
762
771
823
591
1025
996
631
207
652
575
238
1099
347
570
595
581
1244
1195
1115
252
658
792
371
619
899
423
392
551
785
176
148
994
828
355
311
909
1207
1016
642
656
773
735
866
498
156
349
708
365
937
1085
239
151
846
900
1040
1248
859
404
533
767
717
833
1012
437
126
18
235
333
559
99
228
401
91
947
550
377
1133
65
683
812
263
38
442
743
960
118
1077
267
431
230
1094
432
374
529
725
1194
471
1035
1144
48
280
10
258
1071
1242
1015
1136
890
637
750
406
265
1069
104
135
922
488
653
307
144
827
1239
552
474
582
1230
851
244
128
661
453
928
1076
62
302
335
373
428
1093
807
953
650
915
1238
127
1063
885
440
574
636
674
1178
1130
1251
414
625
1212
647
120
820
344
264
64
971
632
908
583
879
1245
641
434
246
40
548
1038
160
696
188
713
86
1064
610
897
907
477
378
286
691
709
852
159
891
211
273
1219
277
271
1168
759
1200
1180
847
1054
515
262
499
61
304
660
764
49
577
1056
174
1175
52
818
1060
421
467
1027
727
1031
702
1041
729
670
623
1110
1111
105
1007
192
334
90
195
363
986
366
528
410
1183
472
539
869
983
27
394
83
1250
389
108
688
798
669
455
399
479
677
193
690
699
1042
441
372
117
1080
243
189
186
1233
1053
609
939
34
1089
822
593
1036
123
419
1082
984
1078
512
894
155
514
131
210
157
596
742
481
158
1105
761
337
476
1173
666
774
1165
482
166
517
519
628
1211
622
382
966
194
101
780
863
685
1227
635
95
20
182
972
673
17
695
703
142
832
9
860
944
163
824
185
203
296
422
167
191
315
784
60
916
913
573
546
692
297
854
461
385
22
597
364
587
383
1023
560
1234
855
809
291
93
81
299
1009
1051
316
1152
241
813
438
289
411
731
54
874
861
82
723
408
1241
139
1236
620
1001
478
1139
557
30
266
6
781
988
901
1258
94
379
680
32
920
931
26
912
687
572
1147
1215
950
407
375
168
599
75
1260
70
412
416
50
513
527
538
1072
324
247
537
340
706
1124
