5491
4411
5570
5694
5048
6458
3308
1746
2276
5715
374
570
1262
900
688
622
307
661
625
546
907
222
838
27
481
344
1212
1009
247
1183
91
414
972
407
863
398
845
316
3515
2635
5136
2199
1820
3873
4035
3421
6004
6619
6703
3338
412
656
771
133
708
70
677
1233
784
703
1152
623
82
474
594
846
394
886
213
1215
296
2761
4407
3007
1422
130
593
654
24
334
710
762
735
278
18
942
988
818
761
565
220
820
1089
1093
194
215
1012
885
597
243
1072
548
729
1236
258
1041
5022
2678
4399
2931
2822
6351
1657
6040
1384
3058
3099
4870
6842
6306
2801
3223
743
755
404
156
1069
203
63
1110
385
1192
411
1119
765
583
83
1219
324
899
572
226
1228
832
350
434
807
690
373
7034
5015
5598
3009
3097
6733
4460
5788
1841
3081
1670
389
167
1191
901
1036
577
1168
943
1211
381
1111
1173
467
676
151
311
489
1178
588
685
166
379
767
93
1023
210
859
549
3326
4385
6526
5050
519
291
163
442
683
515
131
947
533
266
1248
238
176
1076
1027
960
852
300
455
366
1235
860
273
904
375
669
773
17
913
401
4691
2148
1851
3293
6282
7117
3749
7192
3740
13
853
349
890
340
949
347
596
888
81
1144
126
620
86
666
1134
186
440
517
1184
1244
419
922
502
939
42
652
118
7120
3344
3037
5388
6139
5433
3306
4786
1195
912
1064
547
527
1260
1025
724
364
1105
286
472
498
2108
2866
3804
4468
6171
3444
3837
3534
1564
3499
560
512
559
40
641
267
271
971
538
189
1015
837
50
802
477
778
335
529
26
983
478
934
1078
54
1147
696
185
1200
85
1130
277
986
3288
5511
6622
3574
5627
7154
4058
1580
739
882
1040
244
1115
506
466
228
241
1035
52
581
1094
235
905
1245
879
313
1054
1242
1234
1004
1230
432
1207
128
