890
798
572
294
1236
348
383
315
389
695
247
210
833
725
972
1080
632
937
1212
637
373
64
635
440
537
1018
110
706
1064
91
666
120
38
316
455
459
1165
884
582
820
1
738
944
727
967
947
486
1120
900
528
163
513
802
776
850
1001
207
506
807
781
1245
544
83
688
363
539
194
101
1133
916
996
809
281
299
623
665
297
547
50
599
984
654
818
855
1042
416
538
374
1105
658
186
966
739
399
377
854
664
324
74
1191
168
728
388
9
692
193
286
1147
709
1144
761
434
550
90
922
1051
834
731
986
468
713
1143
847
117
1058
767
527
26
1082
717
56
928
61
479
144
241
1027
680
909
358
378
182
918
419
981
203
159
478
869
846
685
703
502
364
235
1038
822
794
6
189
394
1035
656
784
1089
1244
901
1044
273
546
289
488
743
407
696
311
1016
105
123
653
1076
344
708
1077
18
772
1102
832
584
438
874
213
461
95
1069
577
674
355
742
474
660
1180
699
642
406
334
876
673
519
401
939
167
99
1227
157
382
1007
1025
128
791
625
54
771
422
907
507
375
1053
1251
188
20
899
960
1009
915
472
82
365
1175
443
1168
1128
1106
252
60
471
636
266
333
291
866
1136
570
108
282
265
1124
1093
859
596
499
176
192
412
995
1056
22
335
1234
1063
687
195
1150
228
595
634
927
432
724
126
139
953
548
1134
379
1094
300
32
442
62
988
1260
1164
860
552
1211
828
691
148
1110
156
449
40
702
65
1183
1241
366
239
127
773
49
258
529
185
420
1023
950
75
521
1015
421
414
1071
1173
619
238
52
93
10
1156
48
971
551
851
556
349
591
135
104
271
885
1265
94
533
1178
274
1261
729
891
86
813
1111
34
1054
211
340
560
151
574
669
476
587
620
81
710
1215
410
514
1250
1200
628
131
1139
27
337
515
764
750
1239
404
453
1242
431
650
1040
1152
677
573
879
662
1036
1233
142
428
647
661
774
610
498
824
11
1248
1085
622
1116
246
1130
1072
609
244
557
778
411
385
913
477
976
191
823
1219
1078
1004
597
98
652
780
133
908
968
1115
919
307
262
24
17
230
1207
1238
894
296
583
912
392
810
441
683
931
277
983
304
872
164
723
994
70
