40
850
307
909
474
519
1215
69
1260
199
243
1111
258
828
872
907
1081
548
625
1089
1001
404
899
832
1142
407
983
244
522
48
101
846
515
481
743
831
1245
102
381
91
1027
787
912
440
728
300
83
70
885
1119
155
74
770
294
776
478
529
860
267
194
334
90
185
350
375
710
837
894
690
527
597
1212
180
413
1072
684
922
677
271
52
1041
1115
1144
151
890
541
559
975
340
947
903
623
773
228
249
156
176
208
1025
133
641
167
669
80
50
927
1059
1265
653
758
1147
829
389
1069
18
765
593
432
661
967
699
411
282
724
344
1242
1078
950
824
1191
688
1105
213
373
1251
1178
247
451
685
366
1040
376
368
1228
1152
265
1192
853
421
27
459
771
502
836
54
196
401
257
995
1004
222
379
620
658
1219
1015
1216
708
556
67
364
1243
859
966
93
455
126
72
17
572
301
533
238
1035
399
1164
161
128
618
1223
