776
120
50
860
135
641
438
340
672
674
919
1165
1184
920
1007
855
594
834
673
647
377
102
578
554
1059
665
472
1039
572
1004
74
517
40
610
761
1053
1245
151
661
398
506
228
335
188
1265
708
1025
912
669
1212
922
931
1258
874
1054
548
984
901
158
507
243
443
935
581
449
273
1044
900
994
58
67
311
139
451
194
133
163
886
337
803
334
859
230
824
1260
365
623
20
774
1116
823
1244
372
941
599
625
38
421
958
101
1106
569
691
731
1124
971
1153
671
1040
981
1009
513
48
453
1102
913
949
282
909
723
850
233
1147
632
654
1230
294
93
210
23
710
832
344
869
252
358
1241
1042
890
997
1111
17
1142
876
167
695
404
379
431
61
802
440
725
565
457
514
63
1035
80
728
407
1056
614
1063
168
265
1210
642
90
1135
575
355
410
622
1096
946
18
1139
300
854
1071
162
138
192
143
818
851
916
87
229
363
441
1060
28
596
677
378
656
1233
885
597
437
620
1234
937
580
1194
471
299
512
1162
904
347
828
4
414
552
304
123
798
9
791
238
542
280
496
888
983
760
810
129
364
1036
1079
947
204
583
772
833
94
1229
729
806
688
546
375
538
750
962
1183
687
488
634
1178
928
706
49
778
185
950
246
551
683
794
696
866
812
636
75
477
573
847
1069
105
703
257
953
85
781
291
432
170
1120
550
894
1085
1077
1082
24
104
767
399
422
313
385
428
382
1164
1080
560
244
1115
296
809
32
82
411
945
899
278
368
995
1152
707
863
1016
292
988
342
653
374
927
286
1076
1251
1238
262
1173
493
81
690
218
155
388
1094
1088
658
156
324
637
976
807
159
787
166
423
479
515
241
1215
150
1168
126
685
717
22
455
544
1119
98
528
996
1219
86
277
498
557
858
1239
715
577
1023
1143
12
412
1130
662
1169
419
1208
891
593
905
1041
519
1216
879
698
1141
373
702
307
944
346
467
738
666
47
556
420
1191
478
1195
474
34
213
117
628
1
1243
345
735
884
1223
91
895
30
65
527
393
952
1236
1227
203
742
1180
1051
1127
127
95
64
784
207
521
434
1027
115
574
1038
727
54
631
897
660
196
960
383
333
425
1150
533
442
1089
780
128
537
189
161
56
797
328
316
235
182
713
187
11
652
591
1110
239
1001
131
692
349
249
842
394
1133
191
956
510
758
1018
459
918
301
1200
70
1262
942
606
539
1242
110
553
266
650
482
853
785
522
153
486
680
986
827
6
846
148
587
917
401
972
476
822
408
1250
1019
10
220
186
193
118
60
743
489
915
907
1136
267
348
481
595
805
88
764
1156
547
468
893
26
1078
5
406
771
62
108
27
52
762
939
197
13
83
1064
389
461
1261
968
582
619
157
297
1105
813
1266
908
657
773
1058
903
739
1177
289
502
609
160
961
247
1093
699
1055
281
258
709
271
966
99
1248
1015
416
724
499
1207
1255
366
1072
144
315
1175
142
97
174
529
872
263
1087
195
392
1144
1211
820
