1072
729
22
374
908
105
582
1242
82
93
762
636
709
286
809
637
988
587
912
363
153
971
337
1215
538
913
687
126
852
533
443
1035
519
1236
85
291
1258
176
304
379
244
1128
135
1105
1195
669
1250
688
1165
277
695
373
1260
673
455
1063
683
478
479
610
713
641
909
31
1
158
1094
118
247
1175
1023
1133
160
774
1056
559
151
609
1027
822
129
1168
724
1054
623
499
54
550
9
781
174
599
1064
410
26
813
1069
807
660
365
625
699
1089
823
488
141
1245
296
467
642
185
1085
635
27
434
620
378
438
521
453
1136
481
416
353
947
869
1241
441
901
422
299
996
366
514
1255
922
419
392
189
846
767
252
920
432
64
574
335
60
301
211
628
241
560
680
859
34
1016
340
186
692
18
674
677
791
1111
552
30
406
1227
238
20
294
945
891
983
513
761
960
349
1116
166
128
1251
194
1139
742
557
449
50
289
939
157
86
12
1262
735
1212
1144
411
482
249
1040
581
890
401
1152
1009
83
265
934
399
162
803
879
155
591
798
812
899
230
652
573
1233
17
364
708
772
1042
866
1005
986
389
706
1219
89
239
696
1015
743
739
101
1135
404
271
273
40
52
931
65
375
916
139
99
597
759
572
833
156
235
437
1244
159
847
851
300
343
885
1058
334
656
48
163
1173
188
512
771
142
382
168
780
477
10
246
61
315
104
442
95
1115
333
49
62
6
1041
900
666
691
412
191
944
324
918
894
527
1183
915
311
297
131
619
258
670
32
1238
355
148
498
192
486
267
127
634
476
1080
182
203
383
723
207
690
1036
837
1038
727
548
928
108
773
262
528
377
316
94
854
685
702
622
347
764
1119
725
1053
344
471
1106
90
38
167
440
351
428
1031
820
91
394
502
1207
474
196
117
750
21
953
1178
193
631
860
133
1200
1110
972
307
1007
551
827
515
828
1147
75
414
529
81
1099
654
263
874
661
1234
596
228
546
1130
549
897
468
70
1078
832
537
710
647
570
120
67
1093
717
423
123
595
210
