583
364
824
884
761
1116
1054
546
334
750
620
988
32
278
577
449
995
1169
87
994
514
296
647
708
1018
560
60
1143
937
123
26
886
358
692
539
377
609
805
315
1051
22
706
806
193
986
311
1144
652
695
879
81
971
729
481
1215
728
139
83
759
280
798
401
54
194
191
434
960
947
1063
188
195
1093
38
610
151
665
474
1239
1111
99
984
559
1236
1133
56
1040
820
1152
570
723
813
348
82
885
1110
764
98
742
528
62
696
1004
91
597
688
70
383
300
1241
591
772
344
1016
441
533
128
421
378
1251
414
174
159
832
265
1233
1128
1055
399
129
1136
478
538
241
846
1
944
404
1060
809
908
52
9
619
513
49
1064
86
1258
1076
822
243
185
1078
133
891
438
1058
5
674
186
900
299
365
931
406
548
1165
494
1130
482
703
660
412
476
207
304
556
156
210
907
301
163
512
1001
392
1150
75
939
573
519
389
1105
347
916
486
623
828
912
167
781
743
335
656
1183
252
1027
34
983
1191
1077
18
267
574
515
105
1212
1147
228
94
74
281
1200
244
104
927
690
148
1139
385
866
918
176
394
50
467
502
899
872
677
1007
10
11
65
95
1041
117
131
239
410
1168
1085
411
247
455
669
996
1025
374
203
363
915
64
1242
773
1044
774
851
1219
1089
24
521
724
807
1071
289
291
833
419
30
847
286
416
249
407
628
1009
1120
780
702
1250
316
440
1234
685
31
680
587
595
4
388
572
1175
292
453
901
859
823
349
1245
101
834
422
699
1238
375
40
642
337
731
953
596
477
850
61
90
1015
1038
238
1053
913
922
661
1244
1072
854
981
1080
794
1036
1056
277
428
271
182
307
498
1156
1119
93
373
582
192
479
1207
950
650
20
529
230
1211
17
625
499
120
506
683
1102
459
767
324
297
472
355
1180
432
235
108
135
127
622
366
581
654
1227
551
928
691
713
1094
709
658
909
1142
158
1173
1082
791
635
599
382
636
340
818
874
246
1248
168
771
461
550
48
727
67
273
710
1178
471
1260
894
1035
1019
157
725
262
333
527
379
666
717
420
211
897
294
27
641
653
890
637
126
904
189
552
869
1042
1059
1069
162
160
1164
945
860
1124
