104
432
696
521
1139
537
1244
131
1212
1184
690
1105
421
348
588
620
1025
334
828
1071
389
17
950
771
1115
899
894
449
1040
1192
128
481
832
344
126
1001
685
27
1245
572
774
74
913
623
194
947
1191
265
280
6
597
404
412
1072
920
628
459
419
477
548
301
167
267
1142
680
1150
677
1111
366
381
93
1223
559
182
54
60
138
1080
1078
776
300
661
538
1089
513
994
1
724
1260
710
975
907
20
846
919
1228
90
1119
847
258
995
1015
373
632
1099
52
91
1195
243
166
968
1243
654
625
765
596
591
1207
203
1238
909
185
423
110
502
67
635
401
375
118
888
398
244
619
151
467
1178
101
1215
18
407
837
156
228
519
860
364
48
50
238
1242
379
70
529
340
1144
912
1060
378
885
476
743
170
708
271
573
897
688
1051
1251
1039
40
399
829
174
703
876
739
959
853
86
966
1219
890
823
247
83
307
1004
560
859
235
641
872
411
666
1156
983
939
567
1035
1152
69
440
669
85
61
1093
1265
176
191
773
474
658
609
986
922
1147
294
133
861
455
273
1027
515
