597
927
1111
1144
1250
139
286
934
244
666
1069
1173
710
174
1201
38
1093
441
203
625
472
13
1064
141
50
975
258
517
375
74
708
70
772
24
650
771
521
406
945
188
167
691
776
1116
1164
512
1082
1244
1150
1089
1130
48
582
548
983
263
528
750
533
1085
529
175
632
928
378
599
1156
780
781
363
40
374
1015
247
366
1207
52
1245
685
1183
1031
264
920
1042
669
348
690
984
1239
9
560
421
271
437
966
20
81
95
1036
10
99
404
1234
706
316
388
1016
1260
687
728
226
151
846
1212
967
419
90
1147
324
377
758
995
628
709
1038
773
307
315
818
173
186
692
1035
144
6
168
488
182
660
1238
1007
1219
131
382
696
1080
514
328
986
160
297
907
1060
583
631
471
852
879
1051
243
1178
238
1055
411
591
1229
67
299
513
742
101
127
479
1106
304
759
1004
193
574
301
496
105
832
1088
373
392
1241
641
743
859
1215
909
311
185
30
334
798
1076
1063
577
117
432
1248
133
163
702
455
882
656
1110
1119
828
379
778
767
148
267
522
1136
981
876
1027
739
1134
609
349
735
104
56
727
1
61
996
572
108
474
498
1120
232
82
897
647
610
918
18
291
673
273
866
1242
335
623
546
27
885
83
761
860
1040
760
661
128
230
894
189
94
584
277
294
1105
527
1133
869
340
620
947
477
1243
1165
1191
519
688
1236
1025
476
636
953
851
550
207
399
912
1044
235
1102
153
784
913
922
833
968
972
401
135
420
89
587
1094
252
791
438
1001
515
622
64
944
17
120
506
194
381
192
1155
699
1072
939
858
1018
823
822
899
891
412
389
1200
994
481
126
355
91
725
228
246
159
890
813
344
1211
280
54
556
75
211
1056
847
557
176
1077
93
1139
157
874
191
1078
123
703
824
931
1115
1135
98
552
1071
364
422
1152
156
634
86
416
265
439
670
677
850
658
904
1058
729
1258
34
440
915
538
449
715
453
713
1262
1251
60
674
551
916
155
4
