654
807
1134
593
1183
548
885
549
364
442
126
1093
17
947
1245
623
130
1147
962
27
210
91
904
960
235
1230
478
888
565
572
1069
1191
385
398
1207
901
577
890
432
249
1168
401
854
316
186
381
519
983
156
1001
176
118
414
569
1228
472
582
743
412
228
1219
24
344
512
334
1015
653
514
886
677
52
945
547
641
850
845
133
838
724
852
311
1072
879
773
546
93
805
307
583
515
596
87
50
286
1023
1009
708
291
620
82
313
625
1233
489
1244
913
1248
910
971
347
529
173
1054
1094
784
294
498
527
1212
541
716
676
375
324
538
1178
836
474
1236
755
853
18
860
900
296
349
859
972
166
1192
267
379
710
778
389
559
1004
685
477
244
818
1027
335
1040
167
67
151
1130
238
661
40
394
128
1089
1215
300
214
762
899
863
729
203
622
939
434
765
597
26
1110
243
83
1035
1152
1064
407
247
366
846
278
54
767
222
912
949
1144
467
502
1260
411
1262
669
81
703
683
70
163
560
1115
533
567
213
922
696
1025
1200
419
374
739
241
824
570
802
652
404
340
907
1234
1105
466
277
1111
1012
86
271
63
273
1078
194
373
226
656
185
85
986
215
688
440
771
761
820
350
988
131
735
1242
455
690
506
189
1173
481
1235
