1162
1001
859
680
413
591
434
897
17
244
1195
560
620
407
696
1039
884
937
774
628
944
81
529
247
488
813
671
1115
995
847
577
193
983
349
412
235
1040
1105
105
1243
48
527
1152
86
380
252
243
301
476
1139
899
1111
823
573
50
1173
1228
340
677
860
641
129
1069
662
1099
34
131
625
1027
312
282
213
623
1219
1072
399
249
710
947
291
890
398
851
379
477
411
161
83
907
123
658
1089
1119
672
280
182
1215
156
593
408
1060
404
277
869
1212
20
1078
528
194
521
378
90
265
138
1042
1093
760
765
1184
56
966
1165
743
837
366
1004
1
381
609
773
64
1144
994
920
373
449
85
909
496
392
258
1178
174
267
699
126
1080
40
191
1058
93
228
99
596
724
538
780
574
1071
738
273
855
363
533
1081
715
888
311
559
512
702
502
597
666
307
52
185
108
986
1035
61
1036
636
70
548
421
1015
432
950
27
18
118
692
758
912
939
1136
419
669
661
167
513
685
1242
776
238
294
389
180
832
474
519
168
348
928
91
188
67
665
846
455
828
853
375
703
104
481
922
688
572
1223
101
128
271
440
60
401
1238
300
607
127
74
588
135
364
1245
133
344
1191
334
54
894
515
885
1051
674
913
556
151
619
1265
166
1150
690
784
1025
635
798
1244
708
176
1251
771
1147
