65
412
299
434
247
194
378
551
947
1241
891
688
164
440
529
780
685
394
188
550
919
40
773
661
1
162
304
968
1250
860
193
810
365
81
9
915
1119
1242
660
364
706
623
286
939
552
1038
1001
110
104
349
690
385
918
377
1211
32
1094
636
159
1105
988
191
291
593
246
1039
252
182
61
565
18
118
398
1184
148
761
596
1089
26
672
1053
1124
772
399
313
1063
157
739
410
167
90
186
587
1200
203
767
478
851
890
20
847
1016
277
953
366
60
239
513
144
673
243
245
784
869
900
422
931
411
1223
1152
479
441
498
1227
597
5
311
1183
22
471
771
108
166
168
334
383
1085
727
443
699
833
1023
208
916
486
1233
363
1080
477
374
713
101
17
1025
416
521
912
570
680
67
174
743
1139
128
1111
986
257
139
1238
1216
620
1040
920
852
683
86
658
619
708
379
461
610
52
350
735
527
404
211
798
34
316
519
192
573
557
1236
324
774
1041
428
854
344
1258
1072
151
899
652
632
120
56
595
244
776
729
123
972
262
866
4
791
836
1245
859
1009
10
126
474
99
438
1069
696
828
235
62
158
971
709
389
189
717
249
278
1110
50
333
1248
813
950
358
909
831
273
1133
307
1042
467
1260
1136
642
468
431
1007
1058
1178
822
937
807
528
539
421
185
1015
669
1130
1078
1144
820
401
93
656
373
901
591
1219
960
674
82
1056
455
1212
818
1215
928
823
809
294
173
1207
514
710
1027
230
533
289
582
1244
778
502
238
560
282
781
135
695
724
1012
872
195
703
83
228
105
548
581
1093
647
879
1239
1077
453
764
57
133
908
127
666
742
1156
983
832
117
1054
64
1234
129
677
1168
49
861
241
625
628
432
944
382
392
91
846
1175
913
945
662
153
1116
538
265
95
692
907
27
1036
315
1147
1082
419
156
1165
499
874
414
449
515
476
996
131
537
70
406
827
481
609
723
599
335
355
54
922
725
702
1191
296
442
574
210
337
1035
885
984
75
155
1173
572
1071
622
94
340
