349
692
277
787
807
163
874
1
441
1041
813
383
478
743
622
573
669
1248
382
123
193
1173
899
560
94
265
846
291
135
131
1111
1136
38
337
833
920
533
809
916
49
1239
1035
619
724
54
315
831
891
1009
4
412
404
507
335
82
824
572
832
907
944
9
546
368
820
186
683
1016
762
1236
60
105
854
1069
953
759
764
713
650
972
1058
986
148
528
498
419
1133
652
515
377
1071
449
91
273
297
869
32
129
703
461
281
264
1219
30
634
710
27
674
88
299
1093
20
841
534
40
939
559
742
691
727
428
389
235
1051
570
931
548
472
241
1077
928
1130
1139
249
1249
917
86
374
708
1124
347
414
58
372
798
22
550
207
1238
153
324
1244
1053
392
709
778
1092
915
1094
636
729
1056
474
1183
1106
513
26
1200
866
706
252
1152
385
173
99
1207
596
443
1234
17
1091
1110
918
1141
211
521
1081
1001
725
407
477
133
159
672
5
1184
289
1192
1107
406
437
1206
1039
587
847
307
1241
1215
81
897
18
1054
1144
1007
64
313
988
1168
410
95
34
1227
702
623
378
247
582
1063
486
960
1080
595
514
191
411
662
1245
1210
230
1082
1195
642
75
364
761
852
527
262
1042
453
296
707
971
168
1027
822
56
599
625
118
141
246
597
772
696
996
695
468
476
120
1078
434
771
311
258
157
1038
609
182
61
57
365
610
286
188
1031
344
900
879
552
502
1175
593
117
285
83
1064
210
10
901
794
1261
139
861
647
471
304
418
144
818
1180
24
438
1115
781
551
512
442
65
716
170
1250
271
192
482
416
108
127
767
945
31
333
823
851
660
591
717
680
104
479
481
774
62
316
864
