22
101
860
189
710
1183
1168
128
95
311
937
141
900
307
947
727
385
1265
93
1093
422
131
742
637
610
26
243
709
1016
479
75
67
127
488
812
477
297
375
916
299
1115
1133
1111
950
52
743
486
461
291
658
70
82
62
1058
759
926
304
1054
6
265
163
407
86
160
641
514
156
660
173
647
1012
529
1136
622
294
1175
399
706
833
1242
32
696
708
920
884
901
674
194
296
65
316
931
703
1077
807
249
820
377
673
499
267
521
192
175
351
273
123
410
355
1025
512
135
593
148
538
27
301
771
48
626
939
971
583
1009
729
972
1064
1227
557
315
767
1250
502
182
1124
271
99
167
453
366
960
1147
437
1056
498
827
266
764
1262
20
262
702
159
482
677
337
945
1234
774
1255
241
193
513
406
174
389
1245
416
688
1187
636
1007
324
846
527
874
1082
392
776
918
772
717
176
428
157
1152
582
591
1105
9
533
247
574
1215
773
891
661
54
277
1180
1071
104
550
263
680
1165
620
151
1060
1051
455
118
18
886
859
432
1038
468
1212
890
1144
994
570
282
823
449
1116
378
481
211
401
91
692
642
879
988
724
105
1063
419
412
239
546
373
609
246
866
882
690
1191
61
685
922
44
761
440
340
334
1089
471
1216
852
1211
691
60
40
443
588
656
813
257
208
244
374
207
1200
780
94
953
382
944
238
1078
34
365
1219
912
595
1236
83
188
828
344
915
126
984
968
404
750
818
851
619
1130
551
572
363
1139
1015
474
1248
713
623
894
280
832
1119
1239
587
908
909
919
411
1251
1036
120
364
854
739
50
1085
230
191
885
707
787
597
264
138
302
899
64
666
228
162
1110
333
286
1260
414
1233
383
210
725
139
1069
1178
753
1042
913
476
379
573
652
153
133
1001
108
809
669
166
472
515
1173
1258
442
735
1072
798
528
4
1041
235
961
1238
278
158
347
983
394
599
542
438
560
1040
372
1053
632
185
1094
203
695
1194
289
822
144
625
1035
168
907
548
252
687
723
897
552
81
986
434
467
1080
683
850
17
38
10
628
478
421
670
869
778
335
441
30
1141
631
996
1241
847
155
1207
559
186
519
117
539
1027
699
142
90
581
1244
