970
824
884
914
567
1054
750
32
994
634
762
296
647
708
560
60
701
937
123
692
7
539
609
805
315
1051
1106
986
311
840
1144
1087
934
652
879
971
541
481
1215
180
139
1265
83
42
153
759
253
194
191
434
960
547
188
610
151
665
474
215
984
559
1236
1040
820
632
813
885
742
62
696
468
91
597
849
1243
688
173
383
142
591
341
1016
441
533
421
266
378
275
414
159
832
265
864
1128
129
21
478
538
836
109
241
846
944
71
351
712
404
470
797
980
49
1064
1258
1076
243
198
862
1078
133
438
5
674
299
1115
548
1130
19
482
703
214
848
660
276
1067
476
227
207
304
66
166
115
77
517
787
694
1148
46
939
803
573
347
89
912
167
749
593
781
993
43
743
1256
656
987
1088
34
1077
267
515
1212
1147
228
94
74
380
1200
601
918
176
394
888
467
502
899
758
1107
872
677
119
1007
10
11
65
1041
131
554
413
226
1012
411
586
247
455
997
669
996
1025
374
398
363
250
64
450
1242
774
563
851
1219
107
724
807
1071
289
788
201
873
251
1081
30
847
286
416
136
1123
1009
780
702
274
1250
870
1234
853
31
587
595
769
384
910
1091
258
372
859
245
684
823
1245
101
568
956
1195
196
489
1238
78
375
40
337
140
953
1214
477
850
61
1039
238
913
765
922
827
1072
466
1080
794
588
182
307
386
145
264
919
746
93
306
373
395
192
479
650
1211
17
625
516
120
85
506
683
1228
1184
707
767
324
297
783
882
638
141
432
235
369
622
581
654
1188
928
219
738
778
713
2
58
658
1173
791
635
599
325
818
1162
143
246
168
461
550
328
710
439
1178
15
471
589
1035
903
354
725
985
527
379
666
717
211
844
426
897
222
350
653
57
890
869
600
1042
1069
861
160
342
671
507
676
860
1124
