46
140
104
696
521
1139
1244
119
131
855
1212
1184
421
348
588
593
746
334
937
17
1211
788
1115
43
899
1040
1192
481
126
27
1245
774
867
913
194
28
107
1191
265
1072
419
548
167
267
680
677
5
492
34
541
559
266
182
141
60
1080
1078
776
864
136
1089
513
994
724
710
11
20
846
368
919
1081
847
258
787
373
91
243
166
968
978
654
956
250
625
765
596
591
758
185
110
502
585
635
674
1162
398
151
425
1178
101
407
804
478
860
238
533
1242
379
517
721
985
378
885
1069
476
743
1041
708
573
897
688
1051
845
1039
783
40
174
703
208
516
257
853
966
1219
890
823
83
307
760
1004
560
859
235
872
527
341
1156
470
567
222
1035
669
85
61
1265
89
474
609
986
612
1147
133
199
1027
