910
1040
787
807
167
395
987
1041
813
383
912
478
42
743
622
66
573
669
123
1173
899
677
489
560
94
846
198
882
131
654
746
337
533
658
529
688
619
724
315
541
1009
671
404
243
701
824
712
885
832
944
922
201
870
968
467
1154
376
1178
226
219
107
455
632
848
160
820
683
328
350
1016
580
762
758
1236
600
60
970
1230
684
1069
953
759
618
840
325
993
656
470
713
650
986
860
652
515
379
1214
432
1071
994
449
93
101
91
115
21
297
32
129
703
461
264
633
588
1219
788
30
634
780
7
710
27
674
299
1093
20
534
40
939
559
742
666
389
235
380
341
694
1242
145
251
548
241
1077
1148
1130
638
384
1139
1249
74
581
374
708
1124
347
414
844
665
58
372
550
1156
207
85
245
913
872
1238
153
324
392
676
1205
678
778
267
215
474
934
1200
791
1211
110
126
1228
516
173
1212
15
1187
889
306
853
342
890
888
1234
17
196
1110
918
653
803
919
765
373
363
859
450
439
77
1081
1113
421
725
407
477
151
159
1147
1155
166
142
914
5
1017
980
1184
289
1192
1107
1255
109
1039
260
275
1162
587
847
586
307
1087
897
214
539
156
1054
1007
64
464
398
34
1076
702
378
247
2
1191
1080
595
238
191
411
997
440
547
1245
266
805
1265
43
1195
276
827
527
426
1042
1012
836
296
707
89
971
168
56
599
625
141
246
597
696
996
413
468
476
354
1078
849
46
434
311
258
609
182
61
57
1188
351
286
188
850
879
554
502
250
769
189
83
1064
10
466
794
538
861
1105
647
471
804
304
873
568
179
438
567
1115
1258
781
750
903
6
442
65
985
227
517
323
1067
1250
192
1256
482
416
862
1243
767
31
823
851
591
717
680
741
481
774
222
78
62
635
864
375
