65
299
1237
434
247
194
378
688
164
824
529
601
1187
780
746
207
394
994
550
919
40
888
1228
304
968
1250
860
810
141
863
365
176
426
1242
660
623
970
15
934
286
227
939
870
375
110
109
918
1051
32
159
191
987
593
1039
182
61
413
439
568
398
1184
250
26
1124
407
115
167
848
587
849
1200
767
478
851
890
847
43
1016
953
654
366
60
215
347
243
245
46
1265
482
1088
897
77
411
844
479
1227
597
5
873
311
351
276
1087
1113
1195
471
166
168
516
383
1193
633
1230
208
486
363
1080
477
374
713
101
17
762
912
680
174
760
743
986
257
139
267
1238
85
1216
653
1040
214
683
143
658
804
379
461
354
350
586
527
380
805
342
910
600
34
192
665
573
1236
324
803
774
1041
260
1258
1072
151
899
1123
652
341
632
466
120
325
470
123
251
712
58
791
1155
836
1245
859
1009
759
10
641
7
126
474
914
864
438
384
1069
696
235
62
201
226
264
635
717
980
1110
671
788
813
160
563
850
307
794
1042
467
765
588
1007
222
1058
567
1178
882
807
145
539
421
266
559
669
1130
1078
820
140
93
656
370
1256
373
591
1219
895
674
670
1212
42
1215
797
823
2
173
1148
415
710
464
634
533
289
814
977
778
258
701
502
238
560
21
724
1012
872
275
703
83
228
548
30
581
676
1081
787
647
879
1077
758
57
133
742
547
1156
395
862
832
1054
64
31
372
1234
1064
129
677
89
49
861
241
1100
625
684
432
944
541
392
198
91
846
637
913
1162
297
489
153
538
265
142
74
315
1147
750
156
853
414
515
476
996
131
368
769
770
66
827
1115
638
481
609
196
517
599
985
922
725
702
107
1191
903
296
783
337
425
885
984
1107
1173
1071
707
889
622
678
94
