374
1262
688
606
622
74
1145
848
307
921
625
945
546
222
838
141
1212
1009
632
247
567
91
414
407
398
962
845
316
656
677
897
703
796
840
749
82
864
474
594
846
886
568
873
198
296
227
593
654
24
514
710
278
985
741
820
1243
1089
1093
215
976
1256
1012
885
597
243
1072
548
1236
258
1041
134
707
743
721
1069
787
63
1110
385
101
1192
765
583
83
1219
348
966
899
1156
226
1228
832
1087
77
350
434
952
373
903
167
368
1191
214
354
577
1168
815
1211
1111
1173
467
676
151
311
489
1178
588
166
379
201
767
859
163
683
515
533
266
1248
238
1076
160
366
860
89
987
375
669
17
913
173
13
853
1265
890
340
347
746
850
888
126
275
620
666
1134
21
517
196
1184
1244
922
502
939
42
872
1209
652
1195
1005
1064
980
844
805
1226
527
870
265
653
472
87
140
1081
516
824
559
40
641
267
2
189
477
778
529
1107
421
478
1068
934
1078
1147
696
1200
541
85
1137
277
788
882
1040
783
1115
466
876
241
1035
910
984
581
554
235
1245
879
1054
684
658
1234
836
432
20
