120
860
641
438
340
674
882
919
2
470
1184
1007
647
250
336
554
665
572
276
74
517
40
66
1187
1245
151
398
188
1265
1025
912
669
977
107
351
1212
922
965
1258
1054
380
548
600
984
901
507
243
1123
581
1044
994
58
311
451
194
337
859
227
180
20
774
823
1244
765
372
173
599
625
421
101
1106
1124
971
671
1040
46
981
1009
586
644
913
850
1147
632
654
1230
93
136
710
832
869
1042
914
890
568
997
17
167
404
379
61
725
769
1035
450
407
168
1067
265
179
386
466
622
946
1139
584
1071
563
192
226
701
143
851
934
363
441
1060
677
378
836
656
885
597
620
1234
580
145
588
471
299
1162
347
414
304
123
791
238
1154
280
676
1049
888
251
129
635
94
1100
109
688
375
750
634
516
1178
928
778
395
426
970
246
849
567
794
696
910
477
573
847
783
1069
703
92
214
1081
201
953
85
781
432
601
550
1077
712
767
399
1080
560
1115
1228
32
82
411
899
19
707
861
1148
1016
342
653
255
374
15
286
1076
1251
1238
71
1173
31
1088
658
156
324
637
253
807
787
166
1181
627
479
515
241
1215
215
126
413
685
717
455
996
1219
86
987
1023
1130
593
678
354
1041
1204
879
985
759
439
373
702
307
944
467
862
738
870
260
545
694
1191
478
376
1195
474
34
1243
91
1047
65
527
1236
245
327
788
742
211
64
360
207
521
434
115
21
54
631
369
897
196
960
383
106
533
442
780
189
889
56
797
235
182
713
652
591
1110
131
692
394
191
7
918
541
1242
110
873
266
650
482
853
264
153
486
680
986
827
6
846
587
917
972
476
684
306
10
864
848
60
198
743
489
267
481
805
88
559
980
1156
547
468
1256
1078
5
62
89
384
939
83
461
968
619
1214
176
297
1105
813
222
903
746
1012
350
289
502
609
160
247
258
271
1248
724
844
1255
1072
1107
315
325
142
174
529
872
1087
42
392
1144
1211
57
275
820
