1072
665
584
783
374
1242
82
93
762
985
547
873
286
637
864
227
587
201
912
363
153
1256
971
350
337
746
538
913
126
533
658
1113
1253
1035
1236
85
1258
176
264
304
466
379
1128
5
1025
240
115
489
1195
669
1250
109
688
470
373
455
396
683
478
479
713
31
580
247
160
774
848
559
151
609
140
306
129
588
724
1054
707
650
678
914
769
550
413
888
1265
781
174
984
599
994
245
260
26
1067
813
1069
807
222
861
625
541
2
1012
823
15
1245
882
296
467
635
805
968
368
434
620
1230
378
1077
77
787
516
438
481
416
903
354
441
1188
395
461
299
1211
996
922
392
846
824
767
684
432
64
941
60
241
7
671
560
680
859
34
1016
340
692
674
677
276
791
1111
997
794
30
842
1227
238
910
292
20
1039
57
891
960
166
818
742
862
107
1228
289
1149
1107
939
633
42
1212
919
411
482
1029
600
1040
581
890
226
243
1009
1088
797
83
145
328
934
803
879
653
593
591
1148
853
899
573
568
19
17
708
1042
986
43
889
712
1219
1193
89
325
517
696
987
743
1243
74
68
101
404
273
58
40
65
375
1187
597
274
759
156
235
1244
159
847
386
977
885
703
656
380
601
1173
188
251
142
168
780
477
10
61
315
464
701
1162
1115
1155
398
62
6
1041
666
191
944
324
918
527
1076
311
676
297
421
131
258
670
372
32
849
192
486
342
267
1124
634
476
1080
182
778
383
586
232
207
788
548
850
214
928
554
970
348
316
94
702
622
347
725
471
250
1081
167
440
351
820
91
384
502
632
474
196
750
21
953
836
1178
173
860
133
980
439
1200
1110
307
1007
341
827
198
515
1147
75
760
414
758
529
870
654
1071
844
1184
1234
1130
266
897
468
1087
1078
765
832
710
993
647
120
717
123
872
1049
595
