597
5
1144
286
934
746
1069
516
1173
710
450
1265
676
567
1195
625
13
1064
141
341
258
541
517
375
74
708
873
650
864
188
167
1082
1244
952
600
1089
844
369
42
1130
368
548
750
413
1087
533
529
632
928
378
599
780
781
363
40
374
396
247
407
848
1245
15
665
1042
669
348
984
560
1154
1113
116
421
46
20
470
1039
467
10
985
593
19
404
276
1234
1016
21
226
970
151
846
1212
559
1147
324
1137
758
707
976
307
315
173
186
1035
325
168
182
684
1238
468
1007
1219
382
696
360
1080
328
986
160
297
749
354
336
879
1051
243
1256
1178
238
7
213
805
411
591
67
215
299
742
101
980
304
759
853
832
1088
373
392
641
395
743
721
342
601
588
311
66
30
334
1076
222
432
1041
1248
133
653
702
933
455
398
129
882
656
380
201
478
554
379
778
767
148
267
1136
1134
609
638
1184
1148
61
996
43
474
498
82
897
647
585
198
610
918
273
1242
350
903
27
885
274
787
83
106
860
1040
760
189
94
489
547
1162
527
250
1017
888
340
477
1081
652
145
372
849
688
1236
1025
476
953
550
207
399
235
153
913
475
384
922
251
196
968
107
502
57
256
492
89
870
587
997
791
438
1107
515
622
64
944
17
120
192
1155
939
823
724
899
370
994
481
126
91
788
725
525
228
246
159
890
146
1228
266
861
813
701
563
323
671
75
836
211
847
176
1077
214
93
872
191
770
1124
123
703
824
109
1115
327
1071
156
634
416
783
265
227
439
670
677
765
2
850
919
658
712
1258
34
538
449
466
713
85
60
674
72
