106
710
1058
336
486
918
521
1154
153
945
196
39
19
42
133
771
255
21
591
1025
996
980
1174
207
652
1081
238
1099
347
341
201
595
760
1244
1195
1115
792
370
935
1067
778
899
423
994
311
848
1016
934
656
567
274
600
156
171
365
937
151
846
749
1040
1248
859
502
404
533
245
717
1012
126
235
1191
559
724
250
91
803
550
1133
65
683
864
442
743
267
547
787
432
374
725
1210
956
136
1035
1144
145
1107
10
701
258
607
1034
5
890
985
637
406
265
1069
135
840
1162
307
85
827
1239
384
66
882
474
31
1230
851
576
888
1076
214
62
373
807
953
650
915
1238
127
525
1063
109
885
440
119
674
1178
1148
275
1130
625
1212
647
120
264
64
971
879
1245
354
862
746
40
548
160
696
506
713
849
1188
1064
610
477
378
398
1193
709
273
563
1219
676
351
426
759
473
554
124
847
804
1054
1243
61
660
764
516
49
1056
111
634
818
421
1228
467
1027
702
251
765
1041
853
1110
1111
1007
870
192
140
195
363
986
425
585
134
869
1265
83
1250
903
669
588
198
193
470
1042
372
342
1080
243
189
1233
939
34
593
1184
654
123
745
984
1078
115
586
844
157
596
742
481
158
2
1173
325
397
368
774
110
482
738
166
517
802
628
468
1211
622
966
236
1049
194
101
863
1227
635
20
182
17
601
695
703
1088
860
987
185
58
167
191
315
60
276
913
573
439
692
914
297
461
489
89
665
395
15
587
383
507
466
560
1234
977
129
855
291
93
81
299
1009
1087
1192
241
173
873
813
612
438
289
589
1092
350
411
671
107
861
82
794
323
1155
1236
620
478
783
30
266
781
805
788
94
379
680
32
1137
687
572
1147
407
168
599
75
1014
416
527
1039
1072
324
247
541
215
