101
860
710
201
5
457
311
567
307
39
426
1265
93
970
354
742
601
243
57
1016
479
127
650
477
74
297
375
916
299
1115
350
743
396
486
461
658
62
1154
759
304
1054
870
6
265
407
86
226
160
701
156
173
647
49
1012
529
783
568
622
903
376
1175
1242
32
696
708
920
901
674
65
368
703
1188
1077
807
820
215
384
267
323
192
123
844
1025
593
676
538
342
939
971
1009
729
803
1227
140
853
315
671
767
395
1250
502
182
1124
271
167
1214
977
827
266
20
119
702
980
159
482
245
677
222
337
769
198
712
1234
380
774
109
241
143
513
1245
688
1187
1007
324
846
1230
470
527
1076
115
392
918
717
517
176
110
841
591
1105
533
247
965
1215
179
260
1071
550
680
1047
788
129
151
741
116
859
1181
432
861
468
250
1212
890
994
791
306
21
862
585
823
15
1067
888
449
378
481
211
91
227
879
275
576
276
31
724
1107
373
997
609
1081
635
107
413
993
882
985
1191
61
19
922
910
440
872
471
1216
1211
60
665
40
905
836
325
588
656
813
257
208
374
207
258
780
94
953
944
238
1078
34
794
1219
912
1228
595
85
824
1236
654
83
1256
188
126
145
984
968
404
466
1195
750
914
489
1113
1130
439
1155
987
363
46
1139
474
713
1087
758
1148
832
653
587
919
411
541
120
684
251
191
885
707
787
597
264
899
64
864
228
1184
1110
286
414
383
765
725
106
1069
1178
634
1042
913
379
573
42
652
153
873
669
1088
166
515
1173
1258
341
442
1072
934
586
1041
235
1238
347
516
89
394
599
7
438
560
77
1040
372
805
1123
632
848
1039
289
625
1035
168
214
548
986
434
467
1080
638
746
683
850
17
554
849
889
1162
2
547
10
196
478
421
415
274
600
778
633
996
847
58
559
814
78
142
398
581
450
