890
783
1236
348
383
315
987
247
725
759
844
226
1080
2
632
937
1212
1113
347
251
637
373
64
635
440
201
581
110
970
1064
91
120
985
455
884
426
78
820
1153
43
944
214
841
516
513
466
850
207
807
749
712
563
1245
1230
166
83
688
363
539
101
267
996
765
299
665
297
547
599
654
1042
1107
538
374
658
1256
324
74
1191
168
692
286
1147
1144
541
434
179
550
922
439
129
986
1088
713
196
1081
847
767
527
222
489
136
1067
1187
717
1155
56
848
928
61
31
479
763
241
600
378
182
918
1195
159
846
945
703
502
853
235
794
672
684
6
351
189
250
1193
394
1035
656
328
1089
1244
870
273
289
743
369
407
696
311
1016
123
701
653
787
227
1076
708
1077
585
832
1012
438
586
461
517
1069
568
803
674
742
474
173
342
862
1258
372
77
939
219
167
327
1227
1007
1025
67
791
625
882
375
671
188
20
899
960
676
1009
1243
398
443
7
111
873
644
1106
60
471
1041
266
861
1136
376
914
265
1124
805
354
859
176
192
1234
997
601
228
595
634
432
724
19
126
953
548
1134
379
32
62
350
746
860
160
85
1211
1110
156
40
702
65
42
49
258
115
836
529
185
910
380
521
421
414
275
1071
1148
1162
5
1228
1173
238
93
10
971
384
482
760
851
591
554
89
903
567
885
1265
788
94
1087
198
141
533
1178
274
891
86
813
1111
34
1054
980
340
57
560
151
264
669
476
587
638
710
1215
243
58
368
1200
131
1139
337
1184
245
215
140
525
515
750
404
15
1242
1123
1040
677
341
797
413
260
470
573
395
879
276
142
535
647
774
610
536
889
824
934
622
237
1072
609
849
778
411
292
21
580
913
769
559
895
1214
191
109
823
1219
145
1078
597
652
780
827
325
968
1115
888
919
307
17
588
1238
30
864
296
912
392
107
46
840
810
897
683
707
304
872
164
994
481
467
