654
707
1134
1179
593
548
984
885
844
632
302
442
966
126
1256
17
354
658
1245
1087
1147
962
27
91
960
235
478
888
1069
258
1191
385
398
901
890
1156
432
316
186
1005
987
196
588
889
985
414
1081
368
1228
980
606
472
582
743
1219
20
868
24
42
952
796
334
804
653
769
514
886
677
945
1137
547
1243
641
850
845
581
838
724
1107
311
721
1072
879
773
546
805
1265
870
307
583
515
596
87
903
141
1009
1041
620
897
82
625
746
684
1244
913
1248
89
976
910
347
554
529
173
1054
265
788
527
1212
541
568
676
375
1178
836
474
1236
853
860
776
1209
296
516
859
267
379
778
559
848
227
101
477
783
815
274
67
151
1145
238
40
741
882
517
1195
214
762
421
921
899
729
622
939
434
765
597
1226
864
1110
243
83
832
594
1035
1152
1064
407
351
247
366
846
278
873
201
198
767
222
912
444
2
1184
467
411
669
540
703
683
134
560
77
1115
533
567
922
696
1200
419
374
160
241
872
824
934
21
652
876
340
1234
277
1012
63
74
1078
787
373
226
656
85
986
1036
1154
1211
215
688
1203
820
350
1254
506
189
1173
481
