1162
466
859
680
591
434
450
897
17
1030
1195
560
5
407
1211
696
1039
884
746
937
201
774
744
247
473
980
815
813
600
671
1115
141
1041
847
787
235
1040
1243
527
380
243
341
845
1139
899
1111
767
140
1173
1228
860
250
129
933
425
1069
662
34
131
1027
749
213
1219
1072
710
890
398
1193
851
477
136
411
83
985
123
864
1089
585
182
492
593
370
20
1078
457
194
521
378
265
1042
43
760
765
1184
56
966
1214
743
544
325
609
64
1144
994
920
373
89
721
392
258
1178
174
199
267
1080
40
654
596
516
724
780
574
1071
363
533
1081
888
311
559
512
478
702
502
632
196
567
1155
307
185
108
986
1035
61
548
872
1016
421
432
27
758
419
669
1156
167
1203
513
1242
776
238
956
474
1138
168
788
928
91
107
222
188
665
846
853
703
104
481
688
101
1087
470
60
1238
1255
783
588
1245
133
344
110
334
515
885
1051
804
674
913
145
151
266
1265
166
19
1025
11
119
1244
708
1147
